17/02/08 22:12:42 INFO Remoting: Starting remoting
17/02/08 22:12:42 INFO Remoting: Remoting started; listening on addresses :[akka.tcp://sparkDriverActorSystem@192.168.56.1:65173]
17/02/08 22:12:43 WARN BLAS: Failed to load implementation from: com.github.fommil.netlib.NativeSystemBLAS
17/02/08 22:12:43 WARN BLAS: Failed to load implementation from: com.github.fommil.netlib.NativeRefBLAS
Within Set Sum of Squared Errors = 120.49998030643246
Clustering on training data: 
([5.0,3.0],2)
([1.0,2.0],0)
([6.0,2.0],2)
([2.0,6.0],1)
([6.0,2.0],2)
([4.0,5.0],1)
([5.0,4.0],2)
([4.0,3.0],2)
([3.0,2.0],0)
([5.0,4.0],2)
([1.0,2.0],0)
([3.0,5.0],1)
([4.0,1.0],0)
([2.0,3.0],0)
([1.0,6.0],1)
([2.0,1.0],0)
([6.0,3.0],2)
([3.0,2.0],0)
([1.0,2.0],0)
([2.0,3.0],0)
([6.0,1.0],2)
([2.0,3.0],0)
([3.0,6.0],1)
([6.0,5.0],3)
([5.0,4.0],2)
([5.0,4.0],2)
([4.0,5.0],1)
([6.0,4.0],3)
([5.0,3.0],2)
([5.0,4.0],2)
([5.0,4.0],2)
([5.0,4.0],2)
([1.0,2.0],0)
([6.0,4.0],3)
([2.0,3.0],0)
([5.0,4.0],2)
([4.0,1.0],0)
([3.0,2.0],0)
([4.0,5.0],1)
([6.0,4.0],3)
([2.0,1.0],0)
([2.0,6.0],1)
([3.0,5.0],1)
([5.0,4.0],2)
([4.0,5.0],1)
([4.0,6.0],1)
([5.0,3.0],2)
([6.0,1.0],2)
([2.0,3.0],0)
([6.0,5.0],3)
([6.0,4.0],3)
([5.0,4.0],2)
([5.0,4.0],2)
([2.0,3.0],0)
([2.0,3.0],0)
([1.0,6.0],1)
([5.0,4.0],2)
([3.0,5.0],1)
([5.0,3.0],2)
([2.0,3.0],0)
([4.0,5.0],1)
([1.0,2.0],0)
([5.0,4.0],2)
([2.0,3.0],0)
([1.0,4.0],0)
([3.0,2.0],0)
([5.0,4.0],2)
([5.0,4.0],2)
([3.0,2.0],0)
([5.0,4.0],2)
([4.0,5.0],1)
([5.0,4.0],2)
([2.0,5.0],1)
([6.0,3.0],2)
([6.0,3.0],2)
([2.0,1.0],0)
([2.0,6.0],1)
([4.0,5.0],1)
([4.0,5.0],1)
([3.0,2.0],0)
([4.0,5.0],1)
([5.0,3.0],2)
([2.0,3.0],0)
([4.0,5.0],1)
([1.0,4.0],0)
([3.0,2.0],0)
([3.0,5.0],1)
([2.0,3.0],0)
([3.0,5.0],1)
([4.0,5.0],1)
([6.0,4.0],3)
([4.0,1.0],0)
([1.0,4.0],0)
([6.0,1.0],2)
([4.0,5.0],1)
([3.0,5.0],1)
([2.0,3.0],0)
([2.0,3.0],0)
([2.0,3.0],0)
([1.0,2.0],0)
SLF4J: Failed to load class "org.slf4j.impl.StaticLoggerBinder".
SLF4J: Defaulting to no-operation (NOP) logger implementation
SLF4J: See http://www.slf4j.org/codes.html#StaticLoggerBinder for further details.

Process finished with exit code 0
