0.13924050632911392,0.25 0.9266666666666667 -0.7
0.6075949367088608,0.25 0.5555555555555556 0.0
0.5189873417721519,0.25 0.6288888888888888 0.5
0.27848101265822783,0.25 0.022222222222222223 0.0
0.4177215189873418,0.25 0.0466666666666667 0.0
0.8481012658227848,0.25 0.35333333333333344 0.5
0.4430379746835443,0.125 0.7222222222222222 -0.7
0.21518987341772153,0.125 0.23555555555555543 0.0
0.26582278481012656,0.125 0.4244444444444443 0.0
0.4430379746835443,0.125 0.4777777777777778 0.5
0.7088607594936709,0.125 0.01999999999999997 0.0
0.3037974683544304,0.125 0.7333333333333333 -0.7
0.3670886075949367,0.1875 0.37777777777777777 0.0
0.45569620253164556,0.1875 0.5377777777777778 0.5
0.25316455696202533,0.1875 0.5622222222222222 0.0
0.13924050632911392,0.1875 0.8200000000000002 -0.7
0.27848101265822783,0.1875 0.24222222222222234 0.0
0.8354430379746836,0.1875 0.06888888888888892 0.5
0.3924050632911392,0.25 0.4777777777777778 0.0
0.46835443037974683,0.25 0.7 -0.7
0.27848101265822783,0.25 0.23999999999999994 0.0
0.620253164556962,0.25 0.16444444444444442 0.0
0.31645569620253167,0.25 0.44666666666666655 0.0
0.17721518987341772,0.25 0.8355555555555554 -0.7
0.4810126582278481,0.25 0.46222222222222215 0.0
0.6582278481012658,0.25 0.42666666666666675 0.0
0.4430379746835443,0.25 0.17111111111111119 0.5
0.5316455696202531,0.25 0.7266666666666667 -0.7
0.25316455696202533,0.25 0.8822222222222222 -0.7
0.4050632911392405,0.25 0.07111111111111118 0.5
0.7468354430379747,0.1875 0.5977777777777779 0.5
0.4177215189873418,0.1875 0.1466666666666667 0.0
0.5189873417721519,0.1875 0.3200000000000001 0.0
0.43037974683544306,0.1875 0.4111111111111111 0.5
0.8354430379746836,0.1875 0.4244444444444443 0.5
0.05063291139240506,0.1875 0.9733333333333333 -0.7
0.35443037974683544,0.3125 0.17555555555555552 0.5
0.8354430379746836,0.3125 0.5711111111111111 0.5
0.4430379746835443,0.3125 0.5266666666666667 0.0
0.21518987341772153,0.3125 0.8555555555555555 -0.7
0.2911392405063291,0.3125 0.4888888888888889 0.0
0.5569620253164557,0.3125 0.22666666666666674 0.0
0.5569620253164557,0.1875 0.34444444444444444 0.5
0.3924050632911392,0.1875 0.4666666666666667 0.0
0.7215189873417721,0.1875 0.45555555555555555 0.0
0.7974683544303798,0.1875 0.3177777777777777 0.5
0.2911392405063291,0.1875 0.3799999999999999 0.0
0.4050632911392405,0.1875 0.5111111111111111 0.0
0.6582278481012658,0.375 0.5777777777777777 0.0
0.8860759493670886,0.375 0.44666666666666655 0.5
0.5316455696202531,0.375 0.3755555555555557 0.0
0.6582278481012658,0.375 0.56 0.0
0.31645569620253167,0.375 0.1533333333333333 0.0
0.22784810126582278,0.375 0.7200000000000001 -0.7
0.45569620253164556,0.125 0.2022222222222221 0.0
0.05063291139240506,0.125 0.8844444444444444 -0.7
0.3670886075949367,0.125 0.791111111111111 -0.7
0.8354430379746836,0.125 0.23333333333333334 0.5
0.810126582278481,0.125 0.5711111111111111 0.5
0.379746835443038,0.125 0.8 -0.7
0.45569620253164556,0.375 0.8133333333333332 -0.7
0.27848101265822783,0.375 0.24444444444444444 0.0
0.45569620253164556,0.375 0.9688888888888888 -0.7
0.5063291139240507,0.375 0.06444444444444442 0.5
0.6835443037974683,0.375 0.24222222222222234 0.5
0.7468354430379747,0.375 0.6622222222222222 0.5
0.6962025316455697,0.125 0.12666666666666673 0.5
0.0,0.125 0.9733333333333333 -0.7
0.21518987341772153,0.125 0.9555555555555556 -0.7
0.4810126582278481,0.125 0.35555555555555557 0.5
0.12658227848101267,0.125 0.9444444444444444 -0.7
0.4936708860759494,0.125 0.4222222222222222 0.5
0.4050632911392405,0.1875 0.4777777777777778 0.5
0.3291139240506329,0.1875 0.7511111111111111 -0.7
0.34177215189873417,0.1875 0.4511111111111111 0.5
0.22784810126582278,0.1875 0.08666666666666664 0.0
0.1518987341772152,0.1875 0.7822222222222223 -0.7
0.43037974683544306,0.1875 0.2711111111111112 0.0
0.22784810126582278,0.0 0.8422222222222223 -0.7
0.4430379746835443,0.0 0.4444444444444444 0.0
0.6835443037974683,0.0 0.13777777777777783 0.0
0.4936708860759494,0.0 0.9288888888888889 -0.7
0.4936708860759494,0.0 0.6644444444444446 0.0
0.6835443037974683,0.0 0.3755555555555557 0.0
0.4936708860759494,0.25 0.14444444444444443 0.5
0.5949367088607594,0.25 0.18000000000000002 0.0
0.5569620253164557,0.25 0.22000000000000014 0.0
0.3924050632911392,0.25 0.8244444444444443 -0.7
0.43037974683544306,0.25 0.8755555555555556 -0.7
0.31645569620253167,0.25 0.7866666666666668 -0.7
0.45569620253164556,0.0625 0.4066666666666666 0.0
0.43037974683544306,0.0625 0.8 -0.7
0.0,0.0625 0.6933333333333334 -0.7
0.2911392405063291,0.0625 0.08222222222222228 0.0
0.4430379746835443,0.0625 0.06666666666666667 0.0
0.4177215189873418,0.0625 0.7 -0.7
0.46835443037974683,0.125 0.37777777777777777 0.5
0.3924050632911392,0.125 0.5244444444444443 0.5
0.3291139240506329,0.125 0.9733333333333333 -0.7
0.7215189873417721,0.125 0.46444444444444455 0.5
0.5316455696202531,0.125 0.3244444444444443 0.0
0.20253164556962025,0.125 0.9266666666666667 -0.7
0.43037974683544306,0.0625 0.2177777777777777 0.5
0.6962025316455697,0.0625 0.14444444444444443 0.5
0.3291139240506329,0.0625 0.9711111111111111 -0.7
0.11392405063291139,0.0625 0.8133333333333332 -0.7
0.6582278481012658,0.0625 0.23555555555555543 0.0
0.6708860759493671,0.0625 0.3933333333333334 0.5
0.21518987341772153,0.1875 0.7733333333333333 -0.7
0.7088607594936709,0.1875 0.5222222222222223 0.5
0.7848101265822784,0.1875 0.44888888888888895 0.5
0.5443037974683544,0.1875 0.017777777777777715 0.0
0.3924050632911392,0.1875 0.6266666666666667 0.5
0.02531645569620253,0.1875 0.9466666666666665 -0.7
0.6075949367088608,0.1875 0.4666666666666667 0.0
0.0759493670886076,0.1875 0.7955555555555555 -0.7
0.08860759493670886,0.1875 0.8888888888888888 -0.7
0.1518987341772152,0.1875 0.7 -0.7
0.16455696202531644,0.1875 0.9622222222222222 -0.7
0.6329113924050633,0.1875 0.22666666666666674 0.5
0.2911392405063291,0.1875 0.6955555555555555 -0.7
0.35443037974683544,0.1875 0.38666666666666677 0.5
0.8481012658227848,0.1875 0.25111111111111106 0.5
0.02531645569620253,0.1875 0.8222222222222222 -0.7
0.4936708860759494,0.1875 0.028888888888888825 0.5
0.31645569620253167,0.1875 0.022222222222222223 0.5
0.27848101265822783,0.375 0.9799999999999999 -0.7
0.7088607594936709,0.375 0.44222222222222235 0.5
0.3037974683544304,0.375 0.8422222222222223 -0.7
0.4430379746835443,0.375 0.8333333333333334 -0.7
0.7468354430379747,0.375 0.23555555555555543 0.0
0.569620253164557,0.375 0.22888888888888884 0.0
0.8481012658227848,0.3125 0.2977777777777779 0.5
0.7088607594936709,0.3125 0.6133333333333332 0.5
0.4177215189873418,0.3125 0.022222222222222223 0.5
0.4050632911392405,0.3125 0.5622222222222222 0.0
0.43037974683544306,0.3125 0.9822222222222223 -0.7
0.26582278481012656,0.3125 0.022222222222222223 0.0
0.6455696202531646,0.0625 0.4044444444444445 0.0
0.6708860759493671,0.0625 0.5688888888888888 0.0
0.02531645569620253,0.0625 0.8955555555555554 -0.7
0.759493670886076,0.0625 0.2688888888888888 0.5
0.02531645569620253,0.0625 0.7755555555555557 -0.7
0.6582278481012658,0.0625 0.3266666666666667 0.5
0.0759493670886076,0.25 0.8822222222222222 -0.7
0.16455696202531644,0.25 0.8466666666666666 -0.7
0.4936708860759494,0.25 0.9733333333333333 -0.7
0.35443037974683544,0.25 0.27555555555555566 0.5
0.810126582278481,0.25 0.008888888888888858 0.5
0.5569620253164557,0.25 0.9711111111111111 -0.7
0.31645569620253167,0.1875 0.5088888888888891 0.5
0.4050632911392405,0.1875 0.26222222222222213 0.0
0.4050632911392405,0.1875 0.8244444444444443 -0.7
0.34177215189873417,0.1875 0.8244444444444443 -0.7
0.11392405063291139,0.1875 0.7511111111111111 -0.7
0.2911392405063291,0.1875 0.23555555555555543 0.5
0.5569620253164557,0.1875 0.24666666666666653 0.0
0.810126582278481,0.1875 0.2933333333333334 0.5
0.2911392405063291,0.1875 0.8444444444444444 -0.7
0.3037974683544304,0.1875 0.22000000000000014 0.0
0.25316455696202533,0.1875 0.8688888888888887 -0.7
0.31645569620253167,0.1875 0.26222222222222213 0.0
0.5822784810126582,0.3125 0.1355555555555556 0.5
0.4810126582278481,0.3125 0.9577777777777776 -0.7
0.26582278481012656,0.3125 0.8622222222222221 -0.7
0.25316455696202533,0.3125 0.8466666666666666 -0.7
0.21518987341772153,0.3125 0.26222222222222213 0.0
0.7341772151898734,0.3125 0.03999999999999994 0.5
0.2911392405063291,0.3125 0.5088888888888891 0.0
0.5949367088607594,0.3125 0.6666666666666666 0.5
0.31645569620253167,0.3125 0.76 -0.7
0.4810126582278481,0.3125 0.4 0.0
0.4430379746835443,0.3125 0.35555555555555557 0.0
0.06329113924050633,0.3125 0.9533333333333335 -0.7
0.379746835443038,0.25 0.38444444444444437 0.0
0.6708860759493671,0.25 0.24444444444444444 0.0
0.6708860759493671,0.25 0.06888888888888892 0.5
0.6708860759493671,0.25 0.6355555555555554 0.5
0.45569620253164556,0.25 0.19555555555555548 0.5
0.620253164556962,0.25 0.42666666666666675 0.5
0.17721518987341772,0.375 0.9044444444444445 -0.7
0.3924050632911392,0.375 0.03777777777777784 0.5
0.379746835443038,0.375 0.11999999999999997 0.0
0.21518987341772153,0.375 0.7888888888888889 -0.7
0.5189873417721519,0.375 0.19555555555555548 0.0
0.35443037974683544,0.375 0.7333333333333333 -0.7
0.7468354430379747,0.3125 0.2644444444444446 0.5
0.6962025316455697,0.3125 0.17777777777777778 0.5
0.06329113924050633,0.3125 0.8066666666666666 -0.7
0.5316455696202531,0.3125 0.3022222222222221 0.5
0.17721518987341772,0.3125 0.8244444444444443 -0.7
0.45569620253164556,0.3125 0.9711111111111111 -0.7
0.7848101265822784,0.1875 0.09555555555555549 0.5
0.45569620253164556,0.1875 0.6399999999999999 0.5
0.8481012658227848,0.1875 0.3333333333333333 0.5
0.620253164556962,0.1875 0.291111111111111 0.0
0.5063291139240507,0.1875 0.9044444444444445 -0.7
0.4430379746835443,0.1875 0.05777777777777781 0.0
0.35443037974683544,0.25 0.9 -0.7
0.4050632911392405,0.25 0.27333333333333326 0.0
0.3037974683544304,0.25 0.25555555555555554 0.5
0.1518987341772152,0.25 0.851111111111111 -0.7
0.4430379746835443,0.25 0.3244444444444443 0.5
0.13924050632911392,0.25 0.948888888888889 -0.7
0.7088607594936709,0.4375 0.26000000000000006 0.5
0.8354430379746836,0.4375 0.3799999999999999 0.5
0.5822784810126582,0.4375 0.2155555555555556 0.5
0.3291139240506329,0.4375 0.551111111111111 0.0
0.5189873417721519,0.4375 0.8955555555555554 -0.7
0.189873417721519,0.4375 0.7 -0.7
0.26582278481012656,0.4375 0.5111111111111111 0.0
0.6075949367088608,0.4375 0.9955555555555555 -0.7
0.569620253164557,0.4375 0.42666666666666675 0.5
0.43037974683544306,0.4375 0.8711111111111112 -0.7
0.45569620253164556,0.4375 0.2844444444444444 0.0
0.5063291139240507,0.4375 0.6155555555555556 0.0
0.4810126582278481,0.4375 0.7511111111111111 -0.7
0.3291139240506329,0.4375 0.28888888888888886 0.0
0.2911392405063291,0.4375 0.5688888888888888 0.0
0.4430379746835443,0.4375 0.28888888888888886 0.5
0.4810126582278481,0.4375 0.8955555555555554 -0.7
0.5949367088607594,0.4375 0.8955555555555554 -0.7
0.27848101265822783,0.125 0.7488888888888889 -0.7
0.43037974683544306,0.125 0.3133333333333332 0.5
0.10126582278481013,0.125 0.8488888888888889 -0.7
0.5063291139240507,0.125 0.14444444444444443 0.5
0.4936708860759494,0.125 0.2177777777777777 0.5
0.26582278481012656,0.125 0.74 -0.7
0.5316455696202531,0.1875 0.6111111111111112 0.0
0.5949367088607594,0.1875 0.19777777777777775 0.0
0.20253164556962025,0.1875 0.47111111111111115 0.0
0.45569620253164556,0.1875 0.10222222222222226 0.0
0.6962025316455697,0.1875 0.38444444444444437 0.0
0.4050632911392405,0.1875 0.3977777777777779 0.0
0.34177215189873417,0.4375 0.08666666666666664 0.0
0.8860759493670886,0.4375 0.3044444444444445 0.5
0.5822784810126582,0.4375 0.8955555555555554 -0.7
0.5189873417721519,0.4375 0.3022222222222221 0.5
0.5443037974683544,0.4375 0.5666666666666667 0.5
0.35443037974683544,0.4375 0.16444444444444442 0.0
0.6962025316455697,0.1875 0.35555555555555557 0.0
0.5189873417721519,0.1875 0.2111111111111111 0.0
0.012658227848101266,0.1875 0.8977777777777779 -0.7
0.21518987341772153,0.1875 0.46444444444444455 0.0
0.5063291139240507,0.1875 0.3333333333333333 0.5
0.5189873417721519,0.1875 0.2 0.0
0.759493670886076,0.25 0.15555555555555556 0.5
0.0759493670886076,0.25 0.9311111111111112 -0.7
0.6455696202531646,0.25 0.09555555555555549 0.5
0.22784810126582278,0.25 0.94 -0.7
0.6329113924050633,0.25 0.05777777777777781 0.0
0.35443037974683544,0.25 0.06222222222222216 0.5
0.5189873417721519,0.3125 0.5666666666666667 0.0
0.7341772151898734,0.3125 0.4577777777777777 0.0
0.4936708860759494,0.3125 0.5422222222222224 0.5
0.5316455696202531,0.3125 0.02666666666666673 0.0
0.3924050632911392,0.3125 0.9888888888888889 -0.7
0.22784810126582278,0.3125 0.36666666666666664 0.0
0.5822784810126582,0.125 0.36888888888888877 0.5
0.7088607594936709,0.125 0.5555555555555556 0.0
0.4050632911392405,0.125 0.3888888888888889 0.0
0.3670886075949367,0.125 0.3822222222222223 0.5
0.6329113924050633,0.125 0.5066666666666666 0.0
0.2911392405063291,0.125 0.8666666666666667 -0.7
0.8227848101265823,0.375 0.3333333333333333 0.5
0.12658227848101267,0.375 0.76 -0.7
0.6329113924050633,0.375 0.19111111111111115 0.0
0.5316455696202531,0.375 0.6666666666666666 0.5
0.5949367088607594,0.375 0.9600000000000001 -0.7
0.4177215189873418,0.375 0.01555555555555562 0.5
0.31645569620253167,0.5 0.9933333333333334 -0.7
0.5063291139240507,0.5 0.3066666666666666 0.5
0.759493670886076,0.5 0.3266666666666667 0.5
0.7848101265822784,0.5 0.6155555555555556 0.5
0.7215189873417721,0.5 0.5133333333333332 0.5
0.569620253164557,0.5 0.01555555555555562 0.5
0.34177215189873417,0.1875 0.7666666666666667 -0.7
0.7215189873417721,0.1875 0.4066666666666666 0.0
0.379746835443038,0.1875 0.02666666666666673 0.5
0.5569620253164557,0.1875 0.13111111111111107 0.5
0.35443037974683544,0.1875 0.24444444444444444 0.0
0.7341772151898734,0.1875 0.3266666666666667 0.5
0.22784810126582278,0.3125 0.47111111111111115 0.0
0.7088607594936709,0.3125 0.36444444444444457 0.5
0.5443037974683544,0.3125 0.4866666666666668 0.5
0.5063291139240507,0.3125 0.08000000000000003 0.0
0.5949367088607594,0.3125 0.26000000000000006 0.0
0.34177215189873417,0.3125 0.03333333333333333 0.5
0.20253164556962025,0.25 0.5799999999999998 0.0
0.4936708860759494,0.25 0.16000000000000006 0.0
0.5443037974683544,0.25 0.891111111111111 -0.7
0.31645569620253167,0.25 0.8977777777777779 -0.7
0.6075949367088608,0.25 0.4177777777777777 0.0
0.05063291139240506,0.25 0.7799999999999999 -0.7
0.4050632911392405,0.3125 0.2 0.5
0.34177215189873417,0.3125 0.1533333333333333 0.5
0.11392405063291139,0.3125 0.9155555555555556 -0.7
0.5443037974683544,0.3125 0.4288888888888888 0.5
0.02531645569620253,0.3125 0.6755555555555557 -0.7
0.11392405063291139,0.3125 0.7422222222222223 -0.7
0.24050632911392406,0.3125 0.8111111111111111 -0.7
0.7088607594936709,0.3125 0.08444444444444438 0.5
0.45569620253164556,0.3125 0.8755555555555556 -0.7
0.379746835443038,0.3125 0.36000000000000004 0.5
0.21518987341772153,0.3125 0.308888888888889 0.0
0.7848101265822784,0.3125 0.6044444444444446 0.5
0.12658227848101267,0.1875 0.76 -0.7
0.12658227848101267,0.1875 0.8444444444444444 -0.7
0.27848101265822783,0.1875 0.6422222222222224 0.0
0.45569620253164556,0.1875 0.2955555555555555 0.5
0.5822784810126582,0.1875 0.4666666666666667 0.5
0.6835443037974683,0.1875 0.048888888888888954 0.0
0.6708860759493671,0.3125 0.0933333333333334 0.0
0.22784810126582278,0.3125 0.8600000000000001 -0.7
0.25316455696202533,0.3125 0.7288888888888888 -0.7
0.4050632911392405,0.3125 0.4111111111111111 0.5
0.8354430379746836,0.3125 0.05777777777777781 0.5
0.06329113924050633,0.3125 0.8622222222222221 -0.7
0.2911392405063291,0.1875 0.03777777777777784 0.0
0.6835443037974683,0.1875 0.2222222222222222 0.5
0.02531645569620253,0.1875 0.7933333333333334 -0.7
0.45569620253164556,0.1875 0.7533333333333334 -0.7
0.5189873417721519,0.1875 0.16888888888888892 0.0
0.4050632911392405,0.1875 0.4933333333333334 0.5
0.5569620253164557,0.25 0.6133333333333332 0.0
0.10126582278481013,0.25 0.9711111111111111 -0.7
0.5189873417721519,0.25 0.648888888888889 0.5
0.8354430379746836,0.25 0.12222222222222222 0.5
0.24050632911392406,0.25 0.9377777777777778 -0.7
0.22784810126582278,0.25 0.051111111111111045 0.0
0.46835443037974683,0.3125 0.19555555555555548 0.0
0.6455696202531646,0.3125 0.4533333333333335 0.5
0.4810126582278481,0.3125 0.8555555555555555 -0.7
0.5822784810126582,0.3125 0.02666666666666673 0.0
0.6835443037974683,0.3125 0.3266666666666667 0.5
0.6582278481012658,0.3125 0.3399999999999999 0.5
0.7215189873417721,0.3125 0.11999999999999997 0.0
0.6835443037974683,0.3125 0.5200000000000001 0.0
0.31645569620253167,0.3125 0.2133333333333332 0.0
0.5949367088607594,0.3125 0.2066666666666666 0.5
0.4936708860759494,0.3125 0.5688888888888888 0.5
0.6835443037974683,0.3125 0.017777777777777715 0.0
0.6835443037974683,0.25 0.5244444444444443 0.0
0.5063291139240507,0.25 0.8066666666666666 -0.7
0.6835443037974683,0.25 0.2711111111111112 0.5
0.31645569620253167,0.25 0.5888888888888889 0.5
0.620253164556962,0.25 0.5244444444444443 0.0
0.11392405063291139,0.25 0.6933333333333334 -0.7
0.3291139240506329,0.25 0.9333333333333333 -0.7
0.34177215189873417,0.25 0.19777777777777775 0.0
0.3670886075949367,0.25 0.17333333333333328 0.5
0.6962025316455697,0.25 0.33777777777777784 0.0
0.46835443037974683,0.25 0.4111111111111111 0.5
0.6582278481012658,0.25 0.3822222222222223 0.0
0.379746835443038,0.125 0.5133333333333332 0.5
0.3037974683544304,0.125 0.2955555555555555 0.5
0.6708860759493671,0.125 0.25333333333333347 0.0
0.6708860759493671,0.125 0.4066666666666666 0.5
0.3037974683544304,0.125 0.09111111111111114 0.5
0.4936708860759494,0.125 0.36222222222222217 0.5
0.3670886075949367,0.5625 0.5200000000000001 0.5
0.6329113924050633,0.5625 0.94 -0.7
0.22784810126582278,0.5625 0.9311111111111112 -0.7
0.7215189873417721,0.5625 0.13777777777777783 0.5
0.7215189873417721,0.5625 0.24222222222222234 0.5
0.569620253164557,0.5625 0.9422222222222223 -0.7
0.16455696202531644,0.375 0.8066666666666666 -0.7
0.11392405063291139,0.375 0.8711111111111112 -0.7
0.6075949367088608,0.375 0.5799999999999998 0.5
0.13924050632911392,0.375 0.9711111111111111 -0.7
0.4936708860759494,0.375 0.7266666666666667 -0.7
0.4050632911392405,0.375 0.4377777777777778 0.5
0.379746835443038,0.4375 0.4511111111111111 0.0
0.24050632911392406,0.4375 0.7666666666666667 -0.7
0.6708860759493671,0.4375 0.44222222222222235 0.5
0.5189873417721519,0.4375 0.5399999999999999 0.5
0.6455696202531646,0.4375 0.551111111111111 0.5
0.7088607594936709,0.4375 0.23111111111111124 0.5
0.4430379746835443,0.375 0.6355555555555554 0.5
0.27848101265822783,0.375 0.6933333333333334 -0.7
0.5569620253164557,0.375 0.013333333333333365 0.0
0.4810126582278481,0.375 0.3333333333333333 0.0
0.0759493670886076,0.375 0.8222222222222222 -0.7
0.7848101265822784,0.375 0.308888888888889 0.5
0.0759493670886076,0.5 0.7155555555555556 -0.7
0.8987341772151899,0.5 0.09111111111111114 0.5
0.3037974683544304,0.5 0.3 0.0
0.5949367088607594,0.5 0.45555555555555555 0.0
0.3037974683544304,0.5 0.3177777777777777 0.0
0.2911392405063291,0.5 0.9822222222222223 -0.7
0.3670886075949367,0.4375 0.9933333333333334 -0.7
0.25316455696202533,0.4375 0.1355555555555556 0.0
0.6075949367088608,0.4375 0.6200000000000001 0.0
0.5949367088607594,0.4375 0.18444444444444438 0.5
0.5316455696202531,0.4375 0.3022222222222221 0.0
0.20253164556962025,0.4375 0.8200000000000002 -0.7
0.6708860759493671,0.4375 0.5666666666666667 0.5
0.6582278481012658,0.4375 0.08666666666666664 0.5
0.16455696202531644,0.4375 0.8533333333333335 -0.7
0.4810126582278481,0.4375 0.3955555555555555 0.0
0.06329113924050633,0.4375 0.8488888888888889 -0.7
0.5316455696202531,0.4375 0.45555555555555555 0.0
0.24050632911392406,0.4375 0.39111111111111097 0.0
0.3670886075949367,0.4375 0.5777777777777777 0.0
0.24050632911392406,0.4375 0.6622222222222222 0.0
0.4177215189873418,0.4375 0.8311111111111112 -0.7
0.7848101265822784,0.4375 0.608888888888889 0.5
0.7215189873417721,0.4375 0.16000000000000006 0.5
0.5569620253164557,0.375 0.6799999999999998 -0.7
0.5949367088607594,0.375 0.5844444444444444 0.0
0.4810126582278481,0.375 0.8866666666666668 -0.7
0.34177215189873417,0.375 0.8555555555555555 -0.7
0.810126582278481,0.375 0.22666666666666674 0.5
0.5822784810126582,0.375 0.5933333333333334 0.0
0.5189873417721519,0.375 0.76 -0.7
0.25316455696202533,0.375 0.8622222222222221 -0.7
0.4430379746835443,0.375 0.6577777777777777 0.0
0.3291139240506329,0.375 0.6622222222222222 0.0
0.5822784810126582,0.375 0.7933333333333334 -0.7
0.5569620253164557,0.375 0.2777777777777778 0.0
0.46835443037974683,0.5 0.43999999999999995 0.0
0.620253164556962,0.5 0.34666666666666657 0.0
0.35443037974683544,0.5 0.9844444444444443 -0.7
0.569620253164557,0.5 0.3755555555555557 0.0
0.5316455696202531,0.5 0.8733333333333333 -0.7
0.25316455696202533,0.5 0.5533333333333335 0.0
0.34177215189873417,0.5625 0.7977777777777779 -0.7
0.5189873417721519,0.5625 0.024444444444444477 0.0
0.7341772151898734,0.5625 0.011111111111111112 0.0
0.4177215189873418,0.5625 0.4733333333333333 0.0
0.4430379746835443,0.5625 0.16222222222222216 0.5
0.5569620253164557,0.5625 0.11777777777777772 0.0
0.4430379746835443,0.4375 0.6711111111111112 -0.7
0.189873417721519,0.4375 0.8377777777777778 -0.7
0.3291139240506329,0.4375 0.8044444444444445 -0.7
0.43037974683544306,0.4375 0.36222222222222217 0.0
0.8227848101265823,0.4375 0.2066666666666666 0.5
0.5063291139240507,0.4375 0.10888888888888885 0.5
0.5063291139240507,0.375 0.3955555555555555 0.0
0.6708860759493671,0.375 0.2111111111111111 0.5
0.8607594936708861,0.375 0.6555555555555556 0.5
0.620253164556962,0.375 0.5355555555555555 0.5
0.4050632911392405,0.375 0.9755555555555557 -0.7
0.379746835443038,0.375 0.9977777777777779 -0.7
0.5569620253164557,0.375 0.4155555555555556 0.0
0.569620253164557,0.375 0.7044444444444445 -0.7
0.26582278481012656,0.375 0.4600000000000001 0.0
0.759493670886076,0.375 0.5266666666666667 0.0
0.8354430379746836,0.375 0.25111111111111106 0.5
0.6582278481012658,0.375 0.39111111111111097 0.5
0.46835443037974683,0.375 0.17555555555555552 0.5
0.5443037974683544,0.375 0.24444444444444444 0.0
0.5189873417721519,0.375 0.7 -0.7
0.46835443037974683,0.375 0.3066666666666666 0.5
0.5822784810126582,0.375 0.1355555555555556 0.5
0.3670886075949367,0.375 0.8222222222222222 -0.7
0.5189873417721519,0.5 0.23111111111111124 0.5
0.4050632911392405,0.5 0.06666666666666667 0.0
0.46835443037974683,0.5 0.4111111111111111 0.5
0.9113924050632911,0.5 0.12444444444444448 0.5
0.569620253164557,0.5 0.8177777777777777 -0.7
0.27848101265822783,0.5 0.4111111111111111 0.0
0.27848101265822783,0.375 0.9066666666666666 -0.7
0.4050632911392405,0.375 0.5844444444444444 0.0
0.3924050632911392,0.375 0.5355555555555555 0.0
0.8354430379746836,0.375 0.3244444444444443 0.5
0.11392405063291139,0.375 0.8888888888888888 -0.7
0.6835443037974683,0.375 0.4355555555555554 0.0
0.7848101265822784,0.3125 0.648888888888889 0.5
0.5189873417721519,0.3125 0.44888888888888895 0.5
0.6329113924050633,0.3125 0.2955555555555555 0.0
0.45569620253164556,0.3125 0.6066666666666666 0.0
0.3670886075949367,0.3125 0.22888888888888884 0.0
0.16455696202531644,0.3125 0.7266666666666667 -0.7
0.620253164556962,0.5 0.4844444444444444 0.5
0.6708860759493671,0.5 0.5799999999999998 0.5
0.22784810126582278,0.5 0.8244444444444443 -0.7
0.31645569620253167,0.5 0.948888888888889 -0.7
0.27848101265822783,0.5 0.7422222222222223 -0.7
0.3924050632911392,0.5 0.9333333333333333 -0.7
0.379746835443038,0.4375 0.5888888888888889 0.0
0.379746835443038,0.4375 0.8755555555555556 -0.7
0.7088607594936709,0.4375 0.5422222222222224 0.5
0.7974683544303798,0.4375 0.3111111111111111 0.0
0.21518987341772153,0.4375 0.8977777777777779 -0.7
0.5822784810126582,0.4375 0.3177777777777777 0.0
0.6329113924050633,0.375 0.3333333333333333 0.0
0.25316455696202533,0.375 0.5533333333333335 0.0
0.08860759493670886,0.375 0.9444444444444444 -0.7
0.5822784810126582,0.375 0.5933333333333334 0.0
0.5316455696202531,0.375 0.5777777777777777 0.0
0.27848101265822783,0.375 0.9933333333333334 -0.7
0.5189873417721519,0.3125 0.09111111111111114 0.0
0.8354430379746836,0.3125 0.26666666666666666 0.5
0.2911392405063291,0.3125 0.5333333333333333 0.0
0.5443037974683544,0.3125 0.9422222222222223 -0.7
0.06329113924050633,0.3125 0.9866666666666668 -0.7
0.4936708860759494,0.3125 0.8066666666666666 -0.7
0.27848101265822783,0.375 0.2955555555555555 0.0
0.5443037974683544,0.375 0.5755555555555557 0.5
0.5189873417721519,0.375 0.2133333333333332 0.0
0.5822784810126582,0.375 0.4866666666666668 0.0
0.45569620253164556,0.375 0.7444444444444445 -0.7
0.379746835443038,0.375 0.2066666666666666 0.0
0.6582278481012658,0.375 0.32222222222222224 0.5
0.7721518987341772,0.375 0.17777777777777778 0.0
0.24050632911392406,0.375 0.6022222222222221 0.0
0.6075949367088608,0.375 0.34666666666666657 0.0
0.34177215189873417,0.375 0.11777777777777772 0.0
0.6329113924050633,0.375 0.5155555555555557 0.0
0.5189873417721519,0.5 0.07555555555555553 0.0
0.4050632911392405,0.5 0.5688888888888888 0.0
0.5822784810126582,0.5 0.26000000000000006 0.0
0.26582278481012656,0.5 0.8866666666666668 -0.7
0.1518987341772152,0.5 0.9555555555555556 -0.7
0.5949367088607594,0.5 0.4444444444444444 0.5
0.4050632911392405,0.4375 0.3066666666666666 0.0
0.5443037974683544,0.4375 0.35333333333333344 0.0
0.34177215189873417,0.4375 0.44888888888888895 0.0
0.4177215189873418,0.4375 0.12666666666666673 0.5
0.620253164556962,0.4375 0.01999999999999997 0.0
0.7974683544303798,0.4375 0.5111111111111111 0.0
0.31645569620253167,0.3125 0.2866666666666668 0.5
0.379746835443038,0.3125 0.8955555555555554 -0.7
0.5443037974683544,0.3125 0.1111111111111111 0.0
0.7974683544303798,0.3125 0.6177777777777778 0.5
0.4810126582278481,0.3125 0.8755555555555556 -0.7
0.1518987341772152,0.3125 0.9933333333333334 -0.7
0.27848101265822783,0.25 0.9111111111111111 -0.7
0.7088607594936709,0.25 0.6311111111111113 0.0
0.2911392405063291,0.25 0.7644444444444446 -0.7
0.46835443037974683,0.25 0.3933333333333334 0.5
0.43037974683544306,0.25 0.17333333333333328 0.0
0.5189873417721519,0.25 0.9111111111111111 -0.7
0.5822784810126582,0.375 0.7444444444444445 -0.7
0.5822784810126582,0.375 0.46888888888888874 0.0
0.8481012658227848,0.375 0.6 0.5
0.5949367088607594,0.375 0.9600000000000001 -0.7
0.7848101265822784,0.375 0.23555555555555543 0.0
0.4936708860759494,0.375 0.8866666666666668 -0.7
0.6708860759493671,0.5625 0.3022222222222221 0.0
0.17721518987341772,0.5625 0.7822222222222223 -0.7
0.21518987341772153,0.5625 0.7177777777777777 -0.7
0.569620253164557,0.5625 0.02666666666666673 0.0
0.7974683544303798,0.5625 0.4933333333333334 0.0
0.6329113924050633,0.5625 0.25333333333333347 0.5
0.20253164556962025,0.5 0.7888888888888889 -0.7
0.810126582278481,0.5 0.2644444444444446 0.0
0.5949367088607594,0.5 0.8288888888888888 -0.7
0.4810126582278481,0.5 0.8266666666666668 -0.7
0.810126582278481,0.5 0.4244444444444443 0.0
0.5569620253164557,0.5 0.7022222222222221 -0.7
0.34177215189873417,0.4375 0.9333333333333333 -0.7
0.45569620253164556,0.4375 0.2155555555555556 0.5
0.4050632911392405,0.4375 0.8622222222222221 -0.7
0.5316455696202531,0.4375 0.022222222222222223 0.0
0.4050632911392405,0.4375 0.4844444444444444 0.5
0.3291139240506329,0.4375 0.7422222222222223 -0.7
0.8227848101265823,0.5625 0.56 0.0
0.5569620253164557,0.5625 0.3888888888888889 0.5
0.6582278481012658,0.5625 0.6555555555555556 0.0
0.8987341772151899,0.5625 0.5422222222222224 0.5
0.569620253164557,0.5625 0.6955555555555555 -0.7
0.46835443037974683,0.5625 0.4377777777777778 0.5
0.5569620253164557,0.5 0.1111111111111111 0.0
0.35443037974683544,0.5 0.74 -0.7
0.5822784810126582,0.5 0.35555555555555557 0.0
0.2911392405063291,0.5 0.34222222222222237 0.0
0.7848101265822784,0.5 0.43333333333333335 0.0
0.7215189873417721,0.5 0.5399999999999999 0.5
0.6455696202531646,0.5 0.5266666666666667 0.5
0.569620253164557,0.5 0.7866666666666668 -0.7
0.569620253164557,0.5 0.5555555555555556 0.5
0.3924050632911392,0.5 0.9799999999999999 -0.7
0.7215189873417721,0.5 0.2044444444444445 0.5
0.379746835443038,0.5 0.7311111111111113 -0.7
0.7848101265822784,0.6875 0.08222222222222228 0.0
0.3670886075949367,0.6875 0.25333333333333347 0.0
0.34177215189873417,0.6875 0.5355555555555555 0.0
0.25316455696202533,0.6875 0.7733333333333333 -0.7
0.11392405063291139,0.6875 0.9888888888888889 -0.7
0.11392405063291139,0.6875 0.8422222222222223 -0.7
0.5949367088607594,0.5625 0.2866666666666668 0.0
0.6582278481012658,0.5625 0.3022222222222221 0.5
0.7974683544303798,0.5625 0.13111111111111107 0.0
0.5189873417721519,0.5625 0.08000000000000003 0.0
0.379746835443038,0.5625 0.17777777777777778 0.5
0.5949367088607594,0.5625 0.2222222222222222 0.0
0.20253164556962025,0.5 0.7866666666666668 -0.7
0.7848101265822784,0.5 0.6622222222222222 0.5
0.2911392405063291,0.5 0.8311111111111112 -0.7
0.5443037974683544,0.5 0.791111111111111 -0.7
0.7088607594936709,0.5 0.18666666666666665 0.0
0.7721518987341772,0.5 0.2977777777777779 0.5
0.3291139240506329,0.5625 0.791111111111111 -0.7
0.4177215189873418,0.5625 0.23111111111111124 0.0
0.3924050632911392,0.5625 0.4 0.0
0.7215189873417721,0.5625 0.35111111111111104 0.0
0.9240506329113924,0.5625 0.2 0.5
0.3291139240506329,0.5625 0.8977777777777779 -0.7
0.22784810126582278,0.5 0.891111111111111 -0.7
0.1518987341772152,0.5 0.8777777777777778 -0.7
0.5949367088607594,0.5 0.23555555555555543 0.0
0.4936708860759494,0.5 0.6044444444444446 0.0
0.569620253164557,0.5 0.3244444444444443 0.5
0.45569620253164556,0.5 0.8155555555555556 -0.7
0.6329113924050633,0.5625 0.4577777777777777 0.0
0.43037974683544306,0.5625 0.5022222222222221 0.5
0.4430379746835443,0.5625 0.6644444444444446 0.5
0.3670886075949367,0.5625 0.25333333333333347 0.5
0.759493670886076,0.5625 0.4666666666666667 0.0
0.6075949367088608,0.5625 0.8022222222222221 -0.7
0.7974683544303798,0.4375 0.34888888888888897 0.5
0.35443037974683544,0.4375 0.3244444444444443 0.5
0.379746835443038,0.4375 0.2111111111111111 0.5
0.46835443037974683,0.4375 0.7622222222222221 -0.7
0.13924050632911392,0.4375 0.8955555555555554 -0.7
0.6455696202531646,0.4375 0.04222222222222219 0.5
0.189873417721519,0.5 0.6688888888888888 -0.7
0.6329113924050633,0.5 0.5266666666666667 0.0
0.3037974683544304,0.5 0.46222222222222215 0.0
0.3670886075949367,0.5 0.6288888888888888 0.5
0.7215189873417721,0.5 0.06666666666666667 0.5
0.8607594936708861,0.5 0.6333333333333333 0.5
0.5443037974683544,0.3125 0.14888888888888896 0.0
0.6708860759493671,0.3125 0.6311111111111113 0.0
0.7088607594936709,0.3125 0.27999999999999986 0.5
0.4050632911392405,0.3125 0.5377777777777778 0.5
0.7215189873417721,0.3125 0.22666666666666674 0.5
0.24050632911392406,0.3125 0.2222222222222222 0.0
0.6329113924050633,0.625 0.5755555555555557 0.0
0.7721518987341772,0.625 0.3066666666666666 0.5
0.7088607594936709,0.625 0.5933333333333334 0.5
0.4810126582278481,0.625 0.3133333333333332 0.0
0.6455696202531646,0.625 0.5466666666666665 0.5
0.2911392405063291,0.625 0.3755555555555557 0.0
0.8354430379746836,0.6875 0.6177777777777778 0.0
0.3924050632911392,0.6875 0.23555555555555543 0.0
0.810126582278481,0.6875 0.16000000000000006 0.0
0.46835443037974683,0.6875 0.4377777777777778 0.5
0.7468354430379747,0.6875 0.3 0.5
0.6835443037974683,0.6875 0.2133333333333332 0.0
0.5189873417721519,0.375 0.7177777777777777 -0.7
0.5569620253164557,0.375 0.7955555555555555 -0.7
0.25316455696202533,0.375 0.84 -0.7
0.5822784810126582,0.375 0.5711111111111111 0.0
0.5063291139240507,0.375 0.13777777777777783 0.5
0.6329113924050633,0.375 0.35333333333333344 0.5
0.4050632911392405,0.5625 0.33111111111111124 0.0
0.6075949367088608,0.5625 0.5177777777777777 0.0
0.5569620253164557,0.5625 0.024444444444444477 0.5
0.3924050632911392,0.5625 0.7377777777777779 -0.7
0.379746835443038,0.5625 0.9444444444444444 -0.7
0.379746835443038,0.5625 0.6644444444444446 0.0
0.43037974683544306,0.5 0.37777777777777777 0.0
0.10126582278481013,0.5 0.7888888888888889 -0.7
0.6835443037974683,0.5 0.15555555555555556 0.0
0.4936708860759494,0.5 0.6844444444444444 -0.7
0.3291139240506329,0.5 0.36000000000000004 0.0
0.620253164556962,0.5 0.6377777777777779 0.5
0.4177215189873418,0.625 0.708888888888889 -0.7
0.8860759493670886,0.625 0.16000000000000006 0.5
0.6075949367088608,0.625 0.6444444444444445 0.5
0.5063291139240507,0.625 0.7155555555555556 -0.7
0.5443037974683544,0.625 0.16888888888888892 0.0
0.31645569620253167,0.625 0.028888888888888825 0.0
0.7215189873417721,0.6875 0.3066666666666666 0.0
0.22784810126582278,0.6875 0.7666666666666667 -0.7
0.3924050632911392,0.6875 0.12222222222222222 0.0
0.7974683544303798,0.6875 0.26222222222222213 0.0
0.7974683544303798,0.6875 0.34444444444444444 0.0
0.6582278481012658,0.6875 0.7577777777777777 -0.7
0.46835443037974683,0.625 0.8288888888888888 -0.7
0.3924050632911392,0.625 0.9777777777777777 -0.7
0.4430379746835443,0.625 0.004444444444444508 0.0
0.6075949367088608,0.625 0.8644444444444446 -0.7
0.4936708860759494,0.625 0.37111111111111117 0.0
0.5949367088607594,0.625 0.33777777777777784 0.0
0.34177215189873417,0.375 0.3888888888888889 0.0
0.4810126582278481,0.375 0.5711111111111111 0.0
0.8481012658227848,0.375 0.1422222222222222 0.5
0.7088607594936709,0.375 0.2711111111111112 0.0
0.5443037974683544,0.375 0.8844444444444444 -0.7
0.5822784810126582,0.375 0.35777777777777764 0.0
0.7215189873417721,0.5625 0.09777777777777774 0.5
0.7468354430379747,0.5625 0.4844444444444444 0.5
0.27848101265822783,0.5625 0.6022222222222221 0.0
0.7974683544303798,0.5625 0.25333333333333347 0.5
0.810126582278481,0.5625 0.3066666666666666 0.5
0.4050632911392405,0.5625 0.011111111111111112 0.5
0.35443037974683544,0.375 0.08888888888888889 0.5
0.7088607594936709,0.375 0.308888888888889 0.0
0.5569620253164557,0.375 0.5200000000000001 0.0
0.189873417721519,0.375 0.8022222222222221 -0.7
0.4050632911392405,0.375 0.2222222222222222 0.0
0.5063291139240507,0.375 0.044444444444444446 0.5
0.7468354430379747,0.5 0.002222222222222254 0.5
0.7088607594936709,0.5 0.3822222222222223 0.5
0.34177215189873417,0.5 0.6711111111111112 -0.7
0.569620253164557,0.5 0.3244444444444443 0.0
0.4050632911392405,0.5 0.7200000000000001 -0.7
0.17721518987341772,0.5 0.9133333333333332 -0.7
0.46835443037974683,0.5625 0.9066666666666666 -0.7
0.379746835443038,0.5625 0.9133333333333332 -0.7
0.12658227848101267,0.5625 0.851111111111111 -0.7
0.10126582278481013,0.5625 0.7222222222222222 -0.7
0.5569620253164557,0.5625 0.19111111111111115 0.5
0.4810126582278481,0.5625 0.8888888888888888 -0.7
0.8860759493670886,0.5 0.3977777777777779 0.5
0.4050632911392405,0.5 0.27999999999999986 0.0
0.379746835443038,0.5 0.9222222222222223 -0.7
0.46835443037974683,0.5 0.05555555555555555 0.0
0.4430379746835443,0.5 0.5555555555555556 0.0
0.7468354430379747,0.5 0.66 0.0
0.7468354430379747,0.5625 0.2133333333333332 0.0
0.7721518987341772,0.5625 0.4511111111111111 0.5
0.11392405063291139,0.5625 0.8466666666666666 -0.7
0.4177215189873418,0.5625 0.5822222222222223 0.5
0.759493670886076,0.5625 0.548888888888889 0.5
0.7215189873417721,0.5625 0.5022222222222221 0.0
0.3037974683544304,0.6875 0.7377777777777779 -0.7
0.3670886075949367,0.6875 0.9666666666666667 -0.7
0.4050632911392405,0.6875 0.13111111111111107 0.5
0.16455696202531644,0.6875 0.9222222222222223 -0.7
0.7848101265822784,0.6875 0.308888888888889 0.5
0.5189873417721519,0.6875 0.2844444444444444 0.0
0.7215189873417721,0.75 0.4 0.0
0.6835443037974683,0.75 0.048888888888888954 0.5
0.5316455696202531,0.75 0.11999999999999997 0.5
0.8734177215189873,0.75 0.17333333333333328 0.5
0.5822784810126582,0.75 0.4 0.5
0.13924050632911392,0.75 0.9666666666666667 -0.7
0.6329113924050633,0.5625 0.5111111111111111 0.5
0.5316455696202531,0.5625 0.9244444444444443 -0.7
0.3291139240506329,0.5625 0.26000000000000006 0.0
0.27848101265822783,0.5625 0.38444444444444437 0.0
0.3037974683544304,0.5625 0.06000000000000006 0.0
0.7341772151898734,0.5625 0.6444444444444445 0.5
0.379746835443038,0.75 0.5177777777777777 0.0
0.3670886075949367,0.75 0.011111111111111112 0.0
0.8481012658227848,0.75 0.44666666666666655 0.0
0.3670886075949367,0.75 0.7444444444444445 -0.7
0.569620253164557,0.75 0.22888888888888884 0.0
0.22784810126582278,0.75 0.6977777777777779 -0.7
0.45569620253164556,0.625 0.17333333333333328 0.5
0.7848101265822784,0.625 0.6200000000000001 0.5
0.35443037974683544,0.625 0.08888888888888889 0.0
0.22784810126582278,0.625 0.7622222222222221 -0.7
0.189873417721519,0.625 0.7266666666666667 -0.7
0.6582278481012658,0.625 0.4444444444444444 0.5
0.3291139240506329,0.8125 0.8111111111111111 -0.7
0.7215189873417721,0.8125 0.5244444444444443 0.0
0.7088607594936709,0.8125 0.6666666666666666 0.5
0.3670886075949367,0.8125 0.5133333333333332 0.0
0.9746835443037974,0.8125 0.56 0.5
0.6962025316455697,0.8125 0.06000000000000006 0.0
0.8354430379746836,0.75 0.18444444444444438 0.0
0.8354430379746836,0.75 0.5066666666666666 0.0
0.5569620253164557,0.75 0.23999999999999994 0.5
0.5316455696202531,0.75 0.37111111111111117 0.0
0.6455696202531646,0.75 0.8733333333333333 -0.7
0.5316455696202531,0.75 0.6511111111111111 0.0
0.4050632911392405,0.5625 0.4288888888888888 0.5
0.5189873417721519,0.5625 0.5288888888888889 0.5
0.6075949367088608,0.5625 0.5822222222222223 0.5
0.08860759493670886,0.5625 0.8555555555555555 -0.7
0.43037974683544306,0.5625 0.6555555555555556 0.0
0.810126582278481,0.5625 0.5866666666666668 0.0
0.2911392405063291,0.625 0.548888888888889 0.0
0.3670886075949367,0.625 0.4311111111111112 0.0
0.6962025316455697,0.625 0.2777777777777778 0.0
0.21518987341772153,0.625 0.9866666666666668 -0.7
0.6962025316455697,0.625 0.09777777777777774 0.5
0.5443037974683544,0.625 0.7066666666666666 -0.7
0.46835443037974683,0.875 0.5644444444444445 0.0
0.43037974683544306,0.875 0.5666666666666667 0.5
0.7088607594936709,0.875 0.051111111111111045 0.0
0.8354430379746836,0.875 0.5133333333333332 0.5
0.569620253164557,0.875 0.8244444444444443 -0.7
0.8227848101265823,0.875 0.6622222222222222 0.0
0.759493670886076,0.875 0.6399999999999999 0.5
0.6455696202531646,0.875 0.5822222222222223 0.5
0.810126582278481,0.875 0.2644444444444446 0.0
0.569620253164557,0.875 0.16666666666666666 0.5
0.3670886075949367,0.875 0.5444444444444444 0.0
0.43037974683544306,0.875 0.8111111111111111 -0.7
0.20253164556962025,0.875 0.8222222222222222 -0.7
0.7721518987341772,0.875 0.24888888888888897 0.5
0.9493670886075949,0.875 0.2777777777777778 0.5
0.5443037974683544,0.875 0.18000000000000002 0.5
0.4810126582278481,0.875 0.14888888888888896 0.0
0.5316455696202531,0.875 0.4133333333333332 0.0
0.1518987341772152,0.6875 0.8822222222222222 -0.7
0.3924050632911392,0.6875 0.2066666666666666 0.5
0.5443037974683544,0.6875 0.7355555555555554 -0.7
0.569620253164557,0.6875 0.43333333333333335 0.5
0.13924050632911392,0.6875 0.8955555555555554 -0.7
0.7215189873417721,0.6875 0.0933333333333334 0.0
0.5949367088607594,0.8125 0.7977777777777779 -0.7
0.5316455696202531,0.8125 0.4600000000000001 0.5
0.7974683544303798,0.8125 0.36222222222222217 0.5
0.21518987341772153,0.8125 0.8933333333333334 -0.7
0.759493670886076,0.8125 0.13111111111111107 0.5
0.7974683544303798,0.8125 0.4044444444444445 0.5
0.46835443037974683,0.75 0.25111111111111106 0.0
0.7721518987341772,0.75 0.3266666666666667 0.0
0.759493670886076,0.75 0.06444444444444442 0.0
0.43037974683544306,0.75 0.2066666666666666 0.5
0.569620253164557,0.75 0.5111111111111111 0.0
0.25316455696202533,0.75 0.7022222222222221 -0.7
0.5063291139240507,0.875 0.8866666666666668 -0.7
0.7215189873417721,0.875 0.408888888888889 0.0
0.3291139240506329,0.875 0.8644444444444446 -0.7
0.4050632911392405,0.875 0.25555555555555554 0.0
0.8481012658227848,0.875 0.07555555555555553 0.0
0.45569620253164556,0.875 0.23777777777777784 0.5
0.6582278481012658,0.6875 0.8200000000000002 -0.7
0.5316455696202531,0.6875 0.9311111111111112 -0.7
0.5189873417721519,0.6875 0.7022222222222221 -0.7
0.4050632911392405,0.6875 0.8799999999999999 -0.7
0.46835443037974683,0.6875 0.25111111111111106 0.5
0.3924050632911392,0.6875 0.591111111111111 0.0
0.3291139240506329,0.8125 0.291111111111111 0.0
0.379746835443038,0.8125 0.8222222222222222 -0.7
0.5316455696202531,0.8125 0.7888888888888889 -0.7
0.6455696202531646,0.8125 0.1 0.0
0.3670886075949367,0.8125 0.25333333333333347 0.0
0.5443037974683544,0.8125 0.8666666666666667 -0.7
0.7088607594936709,0.75 0.2688888888888888 0.5
0.7721518987341772,0.75 0.2 0.5
0.7848101265822784,0.75 0.5399999999999999 0.5
0.5822784810126582,0.75 0.6444444444444445 0.5
0.7215189873417721,0.75 0.5466666666666665 0.5
0.7721518987341772,0.75 0.38444444444444437 0.5
0.379746835443038,0.6875 0.84 -0.7
0.4050632911392405,0.6875 0.6711111111111112 -0.7
0.8227848101265823,0.6875 0.5333333333333333 0.0
0.8860759493670886,0.6875 0.10222222222222226 0.5
0.810126582278481,0.6875 0.06888888888888892 0.5
0.4936708860759494,0.6875 0.47999999999999987 0.0
0.7721518987341772,0.8125 0.022222222222222223 0.5
0.4430379746835443,0.8125 0.6377777777777779 0.5
0.4936708860759494,0.8125 0.23111111111111124 0.0
0.6329113924050633,0.8125 0.06666666666666667 0.0
0.6582278481012658,0.8125 0.9911111111111109 -0.7
0.6835443037974683,0.8125 0.1422222222222222 0.5
0.10126582278481013,0.6875 0.7688888888888887 -0.7
0.35443037974683544,0.6875 0.5577777777777777 0.0
0.5569620253164557,0.6875 0.18888888888888888 0.5
0.31645569620253167,0.6875 0.6711111111111112 -0.7
0.4177215189873418,0.6875 0.9333333333333333 -0.7
0.3924050632911392,0.6875 0.74 -0.7
0.5443037974683544,0.875 0.44222222222222235 0.5
0.34177215189873417,0.875 0.5822222222222223 0.0
0.5822784810126582,0.875 0.14444444444444443 0.0
0.5569620253164557,0.875 0.11333333333333337 0.0
0.6582278481012658,0.875 0.7466666666666666 -0.7
0.17721518987341772,0.875 0.8466666666666666 -0.7
0.3924050632911392,0.875 0.94 -0.7
0.4430379746835443,0.875 0.8777777777777778 -0.7
0.620253164556962,0.875 0.5111111111111111 0.0
0.6962025316455697,0.875 0.5177777777777777 0.0
0.379746835443038,0.875 0.9133333333333332 -0.7
0.7088607594936709,0.875 0.013333333333333365 0.0
0.6455696202531646,0.6875 0.36888888888888877 0.0
0.6582278481012658,0.6875 0.308888888888889 0.0
0.31645569620253167,0.6875 0.6844444444444444 -0.7
0.7721518987341772,0.6875 0.39111111111111097 0.5
0.17721518987341772,0.6875 0.8622222222222221 -0.7
0.27848101265822783,0.6875 0.9822222222222223 -0.7
0.379746835443038,0.625 0.8022222222222221 -0.7
0.5063291139240507,0.625 0.7822222222222223 -0.7
0.6708860759493671,0.625 0.10222222222222226 0.5
0.6329113924050633,0.625 0.14888888888888896 0.5
0.5822784810126582,0.625 0.1044444444444445 0.5
0.4430379746835443,0.625 0.5644444444444445 0.5
0.7088607594936709,0.75 0.42000000000000015 0.5
0.7848101265822784,0.75 0.3044444444444445 0.0
0.31645569620253167,0.75 0.5688888888888888 0.0
0.4936708860759494,0.75 0.4822222222222223 0.0
0.4936708860759494,0.75 0.6133333333333332 0.5
0.3037974683544304,0.75 0.9622222222222222 -0.7
0.43037974683544306,0.75 0.23555555555555543 0.0
0.4936708860759494,0.75 0.8933333333333334 -0.7
0.6962025316455697,0.75 0.6666666666666666 0.0
0.4430379746835443,0.75 0.24666666666666653 0.0
0.7848101265822784,0.75 0.5333333333333333 0.0
0.569620253164557,0.75 0.01555555555555562 0.0
0.7848101265822784,0.75 0.4222222222222222 0.0
0.5443037974683544,0.75 0.6266666666666667 0.0
0.189873417721519,0.75 0.9733333333333333 -0.7
0.13924050632911392,0.75 0.6955555555555555 -0.7
0.569620253164557,0.75 0.35111111111111104 0.5
0.2911392405063291,0.75 0.8533333333333335 -0.7
0.6329113924050633,0.5625 0.06888888888888892 0.0
0.7341772151898734,0.5625 0.5022222222222221 0.5
0.4050632911392405,0.5625 0.7711111111111112 -0.7
0.5063291139240507,0.5625 0.03333333333333333 0.5
0.45569620253164556,0.5625 0.4222222222222222 0.5
0.7088607594936709,0.5625 0.25777777777777766 0.0
0.4810126582278481,0.8125 0.05777777777777781 0.0
0.6708860759493671,0.8125 0.4533333333333335 0.0
0.3670886075949367,0.8125 0.8222222222222222 -0.7
0.5316455696202531,0.8125 0.07111111111111118 0.0
0.6962025316455697,0.8125 0.11333333333333337 0.5
0.6708860759493671,0.8125 0.3044444444444445 0.5
0.569620253164557,0.625 0.8377777777777778 -0.7
0.31645569620253167,0.625 0.3244444444444443 0.0
0.6329113924050633,0.625 0.7133333333333332 -0.7
0.3924050632911392,0.625 0.491111111111111 0.5
0.379746835443038,0.625 0.008888888888888858 0.0
0.45569620253164556,0.625 0.7755555555555557 -0.7
0.5063291139240507,0.75 0.6 0.5
0.26582278481012656,0.75 0.9377777777777778 -0.7
0.379746835443038,0.75 0.34444444444444444 0.0
0.7088607594936709,0.75 0.2688888888888888 0.0
0.7088607594936709,0.75 0.35777777777777764 0.0
0.5316455696202531,0.75 0.8444444444444444 -0.7
0.5569620253164557,0.75 0.17333333333333328 0.5
0.4936708860759494,0.75 0.56 0.0
0.35443037974683544,0.75 0.12666666666666673 0.0
0.5949367088607594,0.75 0.6311111111111113 0.5
0.9620253164556962,0.75 0.6644444444444446 0.5
0.34177215189873417,0.75 0.808888888888889 -0.7
0.3670886075949367,0.8125 0.7244444444444443 -0.7
0.7848101265822784,0.8125 0.1533333333333333 0.5
0.6329113924050633,0.8125 0.7133333333333332 -0.7
0.6835443037974683,0.8125 0.8466666666666666 -0.7
0.8227848101265823,0.8125 0.4866666666666668 0.5
0.5443037974683544,0.8125 0.5066666666666666 0.0
0.4050632911392405,0.8125 0.5244444444444443 0.0
0.5443037974683544,0.8125 0.8155555555555556 -0.7
0.5189873417721519,0.8125 0.16666666666666666 0.5
0.6075949367088608,0.8125 0.9311111111111112 -0.7
0.4936708860759494,0.8125 0.9888888888888889 -0.7
0.7721518987341772,0.8125 0.291111111111111 0.5
0.379746835443038,0.6875 0.308888888888889 0.0
0.4810126582278481,0.6875 0.8933333333333334 -0.7
0.17721518987341772,0.6875 0.7577777777777777 -0.7
0.620253164556962,0.6875 0.84 -0.7
0.3291139240506329,0.6875 0.7 -0.7
0.5189873417721519,0.6875 0.7844444444444444 -0.7
0.759493670886076,0.9375 0.5755555555555557 0.5
0.8481012658227848,0.9375 0.47999999999999987 0.0
0.21518987341772153,0.9375 0.7222222222222222 -0.7
0.7088607594936709,0.9375 0.42666666666666675 0.0
0.759493670886076,0.9375 0.5 0.0
0.46835443037974683,0.9375 0.791111111111111 -0.7
0.22784810126582278,0.8125 0.6688888888888888 -0.7
0.7088607594936709,0.8125 0.2111111111111111 0.5
0.7848101265822784,0.8125 0.5755555555555557 0.0
0.6835443037974683,0.8125 0.5222222222222223 0.0
0.45569620253164556,0.8125 0.7288888888888888 -0.7
0.6075949367088608,0.8125 0.18666666666666665 0.0
0.9240506329113924,0.9375 0.03777777777777784 0.5
0.8354430379746836,0.9375 0.02666666666666673 0.5
0.8734177215189873,0.9375 0.03111111111111108 0.5
0.46835443037974683,0.9375 0.76 -0.7
0.43037974683544306,0.9375 0.12666666666666673 0.0
0.45569620253164556,0.9375 0.7533333333333334 -0.7
0.4936708860759494,0.8125 0.8177777777777777 -0.7
0.189873417721519,0.8125 0.8 -0.7
0.3924050632911392,0.8125 0.0533333333333333 0.0
0.3924050632911392,0.8125 0.5244444444444443 0.0
0.31645569620253167,0.8125 0.07111111111111118 0.0
0.6708860759493671,0.8125 0.5 0.0
0.7468354430379747,0.8125 0.2222222222222222 0.0
0.7721518987341772,0.8125 0.3933333333333334 0.5
0.16455696202531644,0.8125 0.7666666666666667 -0.7
0.569620253164557,0.8125 0.9533333333333335 -0.7
0.8734177215189873,0.8125 0.5066666666666666 0.5
0.5822784810126582,0.8125 0.6355555555555554 0.0
0.5949367088607594,0.75 0.9177777777777777 -0.7
0.6455696202531646,0.75 0.006666666666666604 0.0
0.6455696202531646,0.75 0.33777777777777784 0.5
0.5063291139240507,0.75 0.6177777777777778 0.5
0.7468354430379747,0.75 0.44666666666666655 0.5
0.569620253164557,0.75 0.16888888888888892 0.0
0.8734177215189873,0.6875 0.3399999999999999 0.5
0.4810126582278481,0.6875 0.7844444444444444 -0.7
0.7341772151898734,0.6875 0.0933333333333334 0.0
0.8987341772151899,0.6875 0.18222222222222229 0.5
0.7974683544303798,0.6875 0.33555555555555544 0.0
0.5189873417721519,0.6875 0.56 0.5
0.8607594936708861,0.8125 0.2866666666666668 0.0
0.46835443037974683,0.8125 0.13777777777777783 0.5
0.7721518987341772,0.8125 0.2955555555555555 0.0
0.5063291139240507,0.8125 0.33111111111111124 0.5
0.5063291139240507,0.8125 0.4111111111111111 0.0
0.8607594936708861,0.8125 0.06888888888888892 0.0
0.8607594936708861,0.75 0.03333333333333333 0.5
0.6708860759493671,0.75 0.9822222222222223 -0.7
0.4177215189873418,0.75 0.9355555555555555 -0.7
0.7848101265822784,0.75 0.5177777777777777 0.5
0.5569620253164557,0.75 0.19777777777777775 0.0
0.11392405063291139,0.75 0.7822222222222223 -0.7
0.43037974683544306,1.0 0.9977777777777779 -0.7
0.6455696202531646,1.0 0.6155555555555556 0.0
0.4177215189873418,1.0 0.9577777777777776 -0.7
0.189873417721519,1.0 0.8422222222222223 -0.7
0.5063291139240507,1.0 0.4577777777777777 0.0
0.8987341772151899,1.0 0.11555555555555562 0.5
0.20253164556962025,0.8125 0.8155555555555556 -0.7
0.6455696202531646,0.8125 0.9533333333333335 -0.7
0.5189873417721519,0.8125 0.7200000000000001 -0.7
0.7341772151898734,0.8125 0.3244444444444443 0.5
0.6962025316455697,0.8125 0.4666666666666667 0.5
0.8734177215189873,0.8125 0.16666666666666666 0.0
0.6708860759493671,0.9375 0.6177777777777778 0.0
0.7088607594936709,0.9375 0.9022222222222221 -0.7
0.5063291139240507,0.9375 0.608888888888889 0.0
0.759493670886076,0.9375 0.024444444444444477 0.0
0.5443037974683544,0.9375 0.6777777777777778 -0.7
0.5569620253164557,0.9375 0.02666666666666673 0.0
0.5063291139240507,0.9375 0.03333333333333333 0.5
0.20253164556962025,0.9375 0.8444444444444444 -0.7
0.21518987341772153,0.9375 0.7888888888888889 -0.7
0.3291139240506329,0.9375 0.7777777777777778 -0.7
0.6582278481012658,0.9375 0.8222222222222222 -0.7
0.7341772151898734,0.9375 0.0533333333333333 0.5
0.620253164556962,0.625 0.2644444444444446 0.0
0.6329113924050633,0.625 0.04222222222222219 0.0
0.3670886075949367,0.625 0.1466666666666667 0.0
0.5189873417721519,0.625 0.8200000000000002 -0.7
0.6835443037974683,0.625 0.5022222222222221 0.0
0.8481012658227848,0.625 0.0 0.5
0.5189873417721519,0.9375 0.4822222222222223 0.0
0.6708860759493671,0.9375 0.1 0.5
0.189873417721519,0.9375 0.7799999999999999 -0.7
0.8354430379746836,0.9375 0.208888888888889 0.5
0.34177215189873417,0.9375 0.6888888888888889 -0.7
0.25316455696202533,0.9375 0.8866666666666668 -0.7
0.5063291139240507,0.6875 0.4177777777777777 0.5
0.3291139240506329,0.6875 0.9733333333333333 -0.7
0.5063291139240507,0.6875 0.6644444444444446 0.0
0.6075949367088608,0.6875 0.8288888888888888 -0.7
0.4936708860759494,0.6875 0.002222222222222254 0.5
0.4177215189873418,0.6875 0.5733333333333333 0.0
0.6835443037974683,0.875 0.7377777777777779 -0.7
0.9367088607594937,0.875 0.4133333333333332 0.5
0.7215189873417721,0.875 0.36222222222222217 0.5
0.620253164556962,0.875 0.7822222222222223 -0.7
0.6075949367088608,0.875 0.5533333333333335 0.0
0.45569620253164556,0.875 0.19111111111111115 0.5
0.7721518987341772,0.9375 0.25555555555555554 0.0
0.759493670886076,0.9375 0.6666666666666666 0.5
0.46835443037974683,0.9375 0.6799999999999998 -0.7
0.6962025316455697,0.9375 0.6355555555555554 0.0
0.6455696202531646,0.9375 0.01999999999999997 0.5
0.8227848101265823,0.9375 0.26666666666666666 0.5
0.46835443037974683,0.6875 0.9622222222222222 -0.7
0.17721518987341772,0.6875 0.891111111111111 -0.7
0.46835443037974683,0.6875 0.5266666666666667 0.0
0.4936708860759494,0.6875 0.5688888888888888 0.5
0.4810126582278481,0.6875 0.7622222222222221 -0.7
0.7848101265822784,0.6875 0.03111111111111108 0.5
0.45569620253164556,0.6875 0.9155555555555556 -0.7
0.3924050632911392,0.6875 0.08666666666666664 0.5
0.5063291139240507,0.6875 0.7111111111111111 -0.7
0.7721518987341772,0.6875 0.6644444444444446 0.5
0.8481012658227848,0.6875 0.26222222222222213 0.0
0.45569620253164556,0.6875 0.908888888888889 -0.7
0.6455696202531646,1.0 0.6311111111111113 0.0
0.9113924050632911,1.0 0.07555555555555553 0.0
0.4810126582278481,1.0 0.9555555555555556 -0.7
0.4177215189873418,1.0 0.07111111111111118 0.0
0.4810126582278481,1.0 0.608888888888889 0.0
0.6329113924050633,1.0 0.28888888888888886 0.0
0.46835443037974683,0.9375 0.56 0.0
0.6962025316455697,0.9375 0.8266666666666668 -0.7
0.16455696202531644,0.9375 0.9644444444444445 -0.7
0.34177215189873417,0.9375 0.12666666666666673 0.0
0.5822784810126582,0.9375 0.2022222222222221 0.0
0.5189873417721519,0.9375 0.7022222222222221 -0.7
0.7974683544303798,0.75 0.5866666666666668 0.5
0.6075949367088608,0.75 0.16666666666666666 0.5
0.4177215189873418,0.75 0.12888888888888883 0.5
0.9367088607594937,0.75 0.23111111111111124 0.5
0.43037974683544306,0.75 0.7377777777777779 -0.7
0.8734177215189873,0.75 0.34888888888888897 0.5
0.27848101265822783,0.9375 0.8711111111111112 -0.7
0.8860759493670886,0.9375 0.32222222222222224 0.0
0.8860759493670886,0.9375 0.03111111111111108 0.5
0.4050632911392405,0.9375 0.25111111111111106 0.0
0.3037974683544304,0.9375 0.8311111111111112 -0.7
0.35443037974683544,0.9375 0.9888888888888889 -0.7
0.26582278481012656,0.8125 0.7822222222222223 -0.7
0.3670886075949367,0.8125 0.24444444444444444 0.0
0.27848101265822783,0.8125 0.7822222222222223 -0.7
0.810126582278481,0.8125 0.408888888888889 0.0
0.7468354430379747,0.8125 0.5044444444444445 0.0
0.8481012658227848,0.8125 0.2133333333333332 0.5
0.5063291139240507,0.9375 0.4777777777777778 0.0
0.5316455696202531,0.9375 0.851111111111111 -0.7
0.2911392405063291,0.9375 0.7533333333333334 -0.7
0.21518987341772153,0.9375 0.7444444444444445 -0.7
0.5949367088607594,0.9375 0.908888888888889 -0.7
1.0,0.9375 0.491111111111111 0.5
0.7848101265822784,0.6875 0.11999999999999997 0.0
0.7848101265822784,0.6875 0.37777777777777777 0.0
0.5949367088607594,0.6875 0.06888888888888892 0.5
0.7848101265822784,0.6875 0.23111111111111124 0.5
0.5949367088607594,0.6875 0.2155555555555556 0.5
0.4810126582278481,0.6875 0.2866666666666668 0.5
0.4936708860759494,0.75 0.1355555555555556 0.5
0.6329113924050633,0.75 0.2977777777777779 0.0
0.8860759493670886,0.75 0.5355555555555555 0.5
0.26582278481012656,0.75 0.8777777777777778 -0.7
0.7341772151898734,0.75 0.4511111111111111 0.5
0.620253164556962,0.75 0.7622222222222221 -0.7
0.4050632911392405,0.6875 0.3733333333333333 0.5
0.2911392405063291,0.6875 0.5066666666666666 0.0
0.8987341772151899,0.6875 0.5733333333333333 0.5
0.4430379746835443,0.6875 0.6355555555555554 0.5
0.35443037974683544,0.6875 0.4155555555555556 0.0
0.8860759493670886,0.6875 0.18666666666666665 0.5
0.46835443037974683,0.9375 0.16666666666666666 0.0
0.8481012658227848,0.9375 0.34888888888888897 0.0
0.5189873417721519,0.9375 0.2866666666666668 0.0
0.4810126582278481,0.9375 0.6266666666666667 0.5
0.4810126582278481,0.9375 0.8622222222222221 -0.7
0.8607594936708861,0.9375 0.5799999999999998 0.5
0.9113924050632911,0.75 0.07333333333333326 0.5
0.27848101265822783,0.75 0.8533333333333335 -0.7
0.5316455696202531,0.75 0.4066666666666666 0.0
0.5316455696202531,0.75 0.7888888888888889 -0.7
0.5822784810126582,0.75 0.8933333333333334 -0.7
0.5949367088607594,0.75 0.27999999999999986 0.5
0.5949367088607594,0.75 0.044444444444444446 0.0
0.4430379746835443,0.75 0.7111111111111111 -0.7
0.6075949367088608,0.75 0.3200000000000001 0.0
0.9620253164556962,0.75 0.4111111111111111 0.5
0.5316455696202531,0.75 0.36000000000000004 0.5
0.43037974683544306,0.75 0.8733333333333333 -0.7
0.34177215189873417,0.8125 0.7155555555555556 -0.7
0.7341772151898734,0.8125 0.3200000000000001 0.5
0.31645569620253167,0.8125 0.6755555555555557 -0.7
0.16455696202531644,0.8125 0.8888888888888888 -0.7
0.45569620253164556,0.8125 0.18000000000000002 0.0
0.379746835443038,0.8125 0.8177777777777777 -0.7
0.35443037974683544,0.75 0.6377777777777779 0.0
0.8354430379746836,0.75 0.5888888888888889 0.5
0.8607594936708861,0.75 0.1 0.0
0.569620253164557,0.75 0.9200000000000002 -0.7
0.25316455696202533,0.75 0.9622222222222222 -0.7
0.7974683544303798,0.75 0.6266666666666667 0.5
0.6582278481012658,0.75 0.7377777777777779 -0.7
0.5569620253164557,0.75 0.8844444444444444 -0.7
0.9113924050632911,0.75 0.46222222222222215 0.5
0.569620253164557,0.75 0.5244444444444443 0.5
0.45569620253164556,0.75 0.9866666666666668 -0.7
0.5949367088607594,0.75 0.3933333333333334 0.0
0.759493670886076,0.9375 0.491111111111111 0.0
0.4050632911392405,0.9375 0.28888888888888886 0.0
0.5443037974683544,0.9375 0.46888888888888874 0.0
0.7974683544303798,0.9375 0.16000000000000006 0.0
0.25316455696202533,0.9375 0.6799999999999998 -0.7
0.759493670886076,0.9375 0.6533333333333334 0.0
0.8481012658227848,0.875 0.4 0.0
0.7721518987341772,0.875 0.6333333333333333 0.5
0.4177215189873418,0.875 0.0533333333333333 0.0
0.7721518987341772,0.875 0.4444444444444444 0.0
0.8354430379746836,0.875 0.4288888888888888 0.5
0.759493670886076,0.875 0.308888888888889 0.5
0.379746835443038,0.8125 0.1066666666666666 0.0
0.4810126582278481,0.8125 0.4866666666666668 0.0
0.5569620253164557,0.8125 0.5622222222222222 0.0
0.35443037974683544,0.8125 0.591111111111111 0.0
0.379746835443038,0.8125 0.8066666666666666 -0.7
0.7088607594936709,0.8125 0.4755555555555557 0.0
0.3924050632911392,0.625 0.7511111111111111 -0.7
0.4177215189873418,0.625 0.13777777777777783 0.0
0.7215189873417721,0.625 0.38444444444444437 0.5
0.8607594936708861,0.625 0.13333333333333333 0.5
0.27848101265822783,0.625 0.6955555555555555 -0.7
0.5569620253164557,0.625 0.9288888888888889 -0.7
0.6582278481012658,0.8125 0.6288888888888888 0.0
0.6075949367088608,0.8125 0.9622222222222222 -0.7
0.5569620253164557,0.8125 0.17333333333333328 0.0
0.5063291139240507,0.8125 0.7155555555555556 -0.7
0.34177215189873417,0.8125 0.06444444444444442 0.0
0.8227848101265823,0.8125 0.022222222222222223 0.0
0.5316455696202531,0.8125 0.024444444444444477 0.0
0.8354430379746836,0.8125 0.6177777777777778 0.5
0.7088607594936709,0.8125 0.5355555555555555 0.5
0.7341772151898734,0.8125 0.5311111111111112 0.0
0.5569620253164557,0.8125 0.8244444444444443 -0.7
0.8734177215189873,0.8125 0.4511111111111111 0.5
0.8481012658227848,0.8125 0.49777777777777793 0.0
0.7088607594936709,0.8125 0.5755555555555557 0.5
0.26582278481012656,0.8125 0.9311111111111112 -0.7
0.8227848101265823,0.8125 0.3133333333333332 0.0
0.2911392405063291,0.8125 0.8755555555555556 -0.7
0.6582278481012658,0.8125 0.16888888888888892 0.5
0.34177215189873417,0.75 0.8711111111111112 -0.7
0.11392405063291139,0.75 0.951111111111111 -0.7
0.5949367088607594,0.75 0.5200000000000001 0.0
0.569620253164557,0.75 0.9733333333333333 -0.7
0.31645569620253167,0.75 0.44888888888888895 0.0
0.8481012658227848,0.75 0.07555555555555553 0.5
0.4177215189873418,0.75 0.11333333333333337 0.0
0.4050632911392405,0.75 0.8577777777777776 -0.7
0.7088607594936709,0.75 0.24666666666666653 0.0
0.6582278481012658,0.75 0.11555555555555562 0.0
0.810126582278481,0.75 0.2933333333333334 0.0
0.7341772151898734,0.75 0.5422222222222224 0.5
0.5569620253164557,0.9375 0.08444444444444438 0.5
0.5316455696202531,0.9375 0.09555555555555549 0.0
0.6835443037974683,0.9375 0.2 0.0
0.6962025316455697,0.9375 0.03333333333333333 0.0
0.4430379746835443,0.9375 0.35111111111111104 0.5
0.4936708860759494,0.9375 0.7266666666666667 -0.7
0.8734177215189873,0.8125 0.18444444444444438 0.0
0.379746835443038,0.8125 0.03777777777777784 0.0
0.810126582278481,0.8125 0.3933333333333334 0.5
0.35443037974683544,0.8125 0.11555555555555562 0.0
0.45569620253164556,0.8125 0.5822222222222223 0.5
0.31645569620253167,0.8125 0.3044444444444445 0.0
0.379746835443038,0.75 0.9555555555555556 -0.7
0.5443037974683544,0.75 0.208888888888889 0.5
0.5063291139240507,0.75 0.5355555555555555 0.5
0.189873417721519,0.75 0.9222222222222223 -0.7
0.46835443037974683,0.75 0.10222222222222226 0.5
0.3291139240506329,0.75 0.6022222222222221 0.0
0.4050632911392405,0.8125 0.9111111111111111 -0.7
0.5316455696202531,0.8125 0.7933333333333334 -0.7
0.6455696202531646,0.8125 0.3955555555555555 0.0
0.3291139240506329,0.8125 0.7688888888888887 -0.7
0.46835443037974683,0.8125 0.9666666666666667 -0.7
0.6075949367088608,0.8125 0.8733333333333333 -0.7
0.3670886075949367,0.9375 0.06222222222222216 0.0
0.9620253164556962,0.9375 0.23111111111111124 0.5
0.569620253164557,0.9375 0.08888888888888889 0.5
0.3291139240506329,0.9375 0.8266666666666668 -0.7
0.5316455696202531,0.9375 0.8266666666666668 -0.7
0.569620253164557,0.9375 0.5644444444444445 0.5
0.5316455696202531,0.9375 0.002222222222222254 0.0
0.4430379746835443,0.9375 0.8155555555555556 -0.7
0.6455696202531646,0.9375 0.4888888888888889 0.0
0.6329113924050633,0.9375 0.25111111111111106 0.0
0.5189873417721519,0.9375 0.7177777777777777 -0.7
0.5063291139240507,0.9375 0.38444444444444437 0.5
0.3924050632911392,0.8125 0.22888888888888884 0.0
0.6075949367088608,0.8125 0.051111111111111045 0.0
0.7341772151898734,0.8125 0.46222222222222215 0.5
0.620253164556962,0.8125 0.36666666666666664 0.5
0.4810126582278481,0.8125 0.36222222222222217 0.5
0.6329113924050633,0.8125 0.2844444444444444 0.5
0.3037974683544304,0.8125 0.6822222222222223 -0.7
0.6075949367088608,0.8125 0.3177777777777777 0.0
0.6708860759493671,0.8125 0.2688888888888888 0.5
0.3924050632911392,0.8125 0.5222222222222223 0.0
0.6708860759493671,0.8125 0.38666666666666677 0.0
0.3037974683544304,0.8125 0.7111111111111111 -0.7
0.9746835443037974,0.9375 0.024444444444444477 0.5
0.8481012658227848,0.9375 0.46222222222222215 0.0
0.759493670886076,0.9375 0.15111111111111106 0.0
0.8734177215189873,0.9375 0.16888888888888892 0.5
0.6835443037974683,0.9375 0.6933333333333334 -0.7
0.379746835443038,0.9375 0.7799999999999999 -0.7
0.0759493670886076,0.5 0.7022222222222221 -0.7
0.7088607594936709,0.5 0.08666666666666664 0.0
0.5063291139240507,0.5 0.23333333333333334 0.5
0.3037974683544304,0.5 0.6755555555555557 -0.7
0.4050632911392405,0.5 0.8066666666666666 -0.7
0.5189873417721519,0.5 0.05777777777777781 0.5
0.7088607594936709,0.6875 0.19333333333333338 0.0
0.5316455696202531,0.6875 0.13333333333333333 0.0
0.43037974683544306,0.6875 0.7355555555555554 -0.7
0.569620253164557,0.6875 0.06888888888888892 0.0
0.7088607594936709,0.6875 0.03111111111111108 0.5
0.4430379746835443,0.6875 0.9355555555555555 -0.7
0.6835443037974683,0.5 0.3733333333333333 0.5
0.5949367088607594,0.5 0.13111111111111107 0.5
0.189873417721519,0.5 0.7955555555555555 -0.7
0.8227848101265823,0.5 0.0933333333333334 0.5
0.35443037974683544,0.5 0.013333333333333365 0.5
0.11392405063291139,0.5 0.7733333333333333 -0.7
0.6329113924050633,0.625 0.8111111111111111 -0.7
0.20253164556962025,0.625 0.9600000000000001 -0.7
0.43037974683544306,0.625 0.8777777777777778 -0.7
0.43037974683544306,0.625 0.5577777777777777 0.5
0.46835443037974683,0.625 0.9755555555555557 -0.7
0.4050632911392405,0.625 0.5711111111111111 0.5
0.6708860759493671,0.4375 0.2933333333333334 0.5
0.35443037974683544,0.4375 0.6044444444444446 0.0
0.5822784810126582,0.4375 0.74 -0.7
0.4050632911392405,0.4375 0.1422222222222222 0.5
0.5569620253164557,0.4375 0.26000000000000006 0.0
0.3291139240506329,0.4375 0.002222222222222254 0.0
0.5822784810126582,0.6875 0.3822222222222223 0.0
0.569620253164557,0.6875 0.6022222222222221 0.0
0.8481012658227848,0.6875 0.3200000000000001 0.5
0.9113924050632911,0.6875 0.002222222222222254 0.5
0.6329113924050633,0.6875 0.6577777777777777 0.0
0.379746835443038,0.6875 0.23999999999999994 0.0
0.7721518987341772,0.5 0.33111111111111124 0.0
0.46835443037974683,0.5 0.0466666666666667 0.0
0.379746835443038,0.5 0.791111111111111 -0.7
0.379746835443038,0.5 0.12222222222222222 0.0
0.22784810126582278,0.5 0.8244444444444443 -0.7
0.6962025316455697,0.5 0.4022222222222221 0.5
0.3291139240506329,0.6875 0.46888888888888874 0.0
0.5189873417721519,0.6875 0.4444444444444444 0.5
0.7974683544303798,0.6875 0.04222222222222219 0.5
0.5189873417721519,0.6875 0.7466666666666666 -0.7
0.43037974683544306,0.6875 0.28222222222222226 0.0
0.13924050632911392,0.6875 0.8622222222222221 -0.7
0.5063291139240507,0.6875 0.5688888888888888 0.5
0.6329113924050633,0.6875 0.38444444444444437 0.0
0.810126582278481,0.6875 0.6333333333333333 0.0
0.3037974683544304,0.6875 0.5711111111111111 0.0
0.45569620253164556,0.6875 0.17333333333333328 0.5
0.5822784810126582,0.6875 0.7244444444444443 -0.7
0.620253164556962,0.6875 0.4 0.5
0.7341772151898734,0.6875 0.12222222222222222 0.5
0.4430379746835443,0.6875 0.05555555555555555 0.0
0.5189873417721519,0.6875 0.6688888888888888 -0.7
0.4177215189873418,0.6875 0.022222222222222223 0.5
0.759493670886076,0.6875 0.42666666666666675 0.5
0.46835443037974683,0.6875 0.25777777777777766 0.5
0.7468354430379747,0.6875 0.1355555555555556 0.0
0.24050632911392406,0.6875 0.8177777777777777 -0.7
0.6582278481012658,0.6875 0.2844444444444444 0.5
0.6329113924050633,0.6875 0.3977777777777779 0.5
0.6455696202531646,0.6875 0.94 -0.7
0.7721518987341772,0.4375 0.5711111111111111 0.0
0.3924050632911392,0.4375 0.5266666666666667 0.0
0.22784810126582278,0.4375 0.6755555555555557 -0.7
0.7974683544303798,0.4375 0.07111111111111118 0.5
0.22784810126582278,0.4375 0.8311111111111112 -0.7
0.7468354430379747,0.4375 0.4288888888888888 0.0
0.31645569620253167,0.75 0.4222222222222222 0.0
0.759493670886076,0.75 0.23111111111111124 0.0
0.3670886075949367,0.75 0.851111111111111 -0.7
0.5569620253164557,0.75 0.49777777777777793 0.0
0.6075949367088608,0.75 0.5422222222222224 0.0
0.4050632911392405,0.75 0.15555555555555556 0.5
0.17721518987341772,0.8125 0.9644444444444445 -0.7
0.6708860759493671,0.8125 0.004444444444444508 0.0
0.5063291139240507,0.8125 0.8266666666666668 -0.7
0.4936708860759494,0.8125 0.7866666666666668 -0.7
0.7468354430379747,0.8125 0.16666666666666666 0.0
0.4430379746835443,0.8125 0.3266666666666667 0.5
0.31645569620253167,0.625 0.9377777777777778 -0.7
0.569620253164557,0.625 0.7822222222222223 -0.7
0.43037974683544306,0.625 0.5977777777777779 0.0
0.20253164556962025,0.625 0.808888888888889 -0.7
0.45569620253164556,0.625 0.8644444444444446 -0.7
0.5443037974683544,0.625 0.7422222222222223 -0.7
0.20253164556962025,0.625 0.7466666666666666 -0.7
0.3037974683544304,0.625 0.28222222222222226 0.0
0.4810126582278481,0.625 0.9422222222222223 -0.7
0.7974683544303798,0.625 0.6644444444444446 0.0
0.6075949367088608,0.625 0.291111111111111 0.0
0.43037974683544306,0.625 0.36222222222222217 0.0
0.3037974683544304,0.75 0.9866666666666668 -0.7
0.3037974683544304,0.75 0.8622222222222221 -0.7
0.4936708860759494,0.75 0.591111111111111 0.0
0.569620253164557,0.75 0.03777777777777784 0.5
0.27848101265822783,0.75 0.9688888888888888 -0.7
0.7341772151898734,0.75 0.2777777777777778 0.5
0.6582278481012658,0.6875 0.4066666666666666 0.0
0.45569620253164556,0.6875 0.6622222222222222 0.0
0.35443037974683544,0.6875 0.3177777777777777 0.0
0.7341772151898734,0.6875 0.24666666666666653 0.0
0.8354430379746836,0.6875 0.5466666666666665 0.0
0.8987341772151899,0.6875 0.32888888888888884 0.5
0.6962025316455697,0.75 0.6555555555555556 0.5
0.620253164556962,0.75 0.3244444444444443 0.0
0.6329113924050633,0.75 0.34222222222222237 0.0
0.8734177215189873,0.75 0.07777777777777778 0.5
0.3291139240506329,0.75 0.8466666666666666 -0.7
0.16455696202531644,0.75 0.8266666666666668 -0.7
0.3037974683544304,0.6875 0.8 -0.7
0.7848101265822784,0.6875 0.07777777777777778 0.0
0.46835443037974683,0.6875 0.2044444444444445 0.0
0.4050632911392405,0.6875 0.22888888888888884 0.0
0.4050632911392405,0.6875 0.6533333333333334 0.5
0.43037974683544306,0.6875 0.12888888888888883 0.5
0.5949367088607594,0.5625 0.9177777777777777 -0.7
0.08860759493670886,0.5625 0.9733333333333333 -0.7
0.20253164556962025,0.5625 0.7622222222222221 -0.7
0.759493670886076,0.5625 0.5222222222222223 0.5
0.4810126582278481,0.5625 0.32222222222222224 0.5
0.4430379746835443,0.5625 0.9177777777777777 -0.7
0.8227848101265823,0.625 0.6200000000000001 0.0
0.5949367088607594,0.625 0.4888888888888889 0.0
0.6582278481012658,0.625 0.5688888888888888 0.0
0.4177215189873418,0.625 0.7288888888888888 -0.7
0.4430379746835443,0.625 0.8955555555555554 -0.7
0.22784810126582278,0.625 0.7355555555555554 -0.7
0.4430379746835443,0.5625 0.4444444444444444 0.5
0.5316455696202531,0.5625 0.691111111111111 -0.7
0.6708860759493671,0.5625 0.13777777777777783 0.0
0.6582278481012658,0.5625 0.5200000000000001 0.5
0.12658227848101267,0.5625 0.9888888888888889 -0.7
0.17721518987341772,0.5625 0.8066666666666666 -0.7
0.6582278481012658,0.625 0.1111111111111111 0.5
0.7341772151898734,0.625 0.66 0.5
0.8734177215189873,0.625 0.07555555555555553 0.5
0.9113924050632911,0.625 0.19333333333333338 0.5
0.6582278481012658,0.625 0.004444444444444508 0.5
0.5443037974683544,0.625 0.7977777777777779 -0.7
0.7848101265822784,0.625 0.19777777777777775 0.0
0.43037974683544306,0.625 0.5177777777777777 0.5
0.7974683544303798,0.625 0.14444444444444443 0.0
0.7215189873417721,0.625 0.36888888888888877 0.0
0.4177215189873418,0.625 0.33111111111111124 0.5
0.379746835443038,0.625 0.3111111111111111 0.0
0.6708860759493671,0.6875 0.4733333333333333 0.5
0.3670886075949367,0.6875 0.7511111111111111 -0.7
0.8481012658227848,0.6875 0.6266666666666667 0.0
0.4430379746835443,0.6875 0.09555555555555549 0.0
0.5316455696202531,0.6875 0.7666666666666667 -0.7
0.620253164556962,0.6875 0.891111111111111 -0.7
0.379746835443038,0.5 0.03333333333333333 0.5
0.6455696202531646,0.5 0.36666666666666664 0.0
0.11392405063291139,0.5 0.8200000000000002 -0.7
0.6075949367088608,0.5 0.7533333333333334 -0.7
0.759493670886076,0.5 0.09555555555555549 0.0
0.4430379746835443,0.5 0.25333333333333347 0.5
0.4936708860759494,0.625 0.94 -0.7
0.4430379746835443,0.625 0.06888888888888892 0.0
0.620253164556962,0.625 0.3933333333333334 0.5
0.4810126582278481,0.625 0.5311111111111112 0.0
0.4177215189873418,0.625 0.5422222222222224 0.5
0.4810126582278481,0.625 0.11777777777777772 0.5
0.620253164556962,0.625 0.2866666666666668 0.0
0.8734177215189873,0.625 0.3399999999999999 0.5
0.43037974683544306,0.625 0.8799999999999999 -0.7
0.6075949367088608,0.625 0.3799999999999999 0.0
0.5189873417721519,0.625 0.34444444444444444 0.0
0.7341772151898734,0.625 0.13111111111111107 0.5
0.7215189873417721,0.5625 0.5844444444444444 0.5
0.4430379746835443,0.5625 0.23111111111111124 0.5
0.4177215189873418,0.5625 0.591111111111111 0.5
0.7721518987341772,0.5625 0.6066666666666666 0.5
0.3924050632911392,0.5625 0.2177777777777777 0.0
0.8987341772151899,0.5625 0.6622222222222222 0.5
