file:/C:/Users/ac010168/workspaces/umkc/Lab5Images/data/test/bookcase/book_00284.jpeg
Generating Histogram for image : C:/Users/ac010168/workspaces/umkc/Lab5Images/data/test/bookcase/book_00284.jpeg
400 5
Histogram size : (400, 1)
Histogram : [ 0.0030150753, 0.0010050251, 0.007035176, 0.0050251256, 0.0, 0.0020100502, 0.0050251256, 0.0010050251, 0.0050251256, 0.0020100502, 0.0, 0.0, 0.0010050251, 0.007035176, 0.0030150753, 0.0030150753, 0.0020100502, 0.0060301507, 0.0040201005, 0.0020100502, 0.0020100502, 0.0010050251, 0.0020100502, 0.0030150753, 0.0, 0.0, 0.0, 0.0010050251, 0.0010050251, 0.0060301507, 0.0020100502, 0.0040201005, 0.0, 0.0030150753, 0.0010050251, 0.0040201005, 0.0030150753, 0.0010050251, 0.0050251256, 0.0010050251, 0.0030150753, 0.0010050251, 0.0030150753, 0.0050251256, 0.0010050251, 0.0010050251, 0.0020100502, 0.0040201005, 0.0, 0.0010050251, 0.0010050251, 0.0030150753, 0.0010050251, 0.0010050251, 0.0, 0.0020100502, 0.0040201005, 0.0040201005, 0.0030150753, 0.0040201005, 0.0020100502, 0.0030150753, 0.0020100502, 0.0060301507, 0.0050251256, 0.0040201005, 0.0010050251, 0.0010050251, 0.0010050251, 0.0020100502, 0.0, 0.0040201005, 0.007035176, 0.0060301507, 0.0010050251, 0.0020100502, 0.0010050251, 0.0020100502, 0.0010050251, 0.0, 0.0020100502, 0.0020100502, 0.0, 0.0020100502, 0.0030150753, 0.0, 0.0010050251, 0.0, 0.0030150753, 0.0, 0.0, 0.0020100502, 0.0030150753, 0.0010050251, 0.0050251256, 0.0060301507, 0.0, 0.008040201, 0.0010050251, 0.0050251256, 0.0, 0.0020100502, 0.0030150753, 0.007035176, 0.018090453, 0.0010050251, 0.0, 0.0020100502, 0.0040201005, 0.013065327, 0.0, 0.0, 0.0020100502, 0.0, 0.008040201, 0.0020100502, 0.0030150753, 0.0010050251, 0.0020100502, 0.0030150753, 0.0010050251, 0.008040201, 0.016080402, 0.0020100502, 0.0020100502, 0.0050251256, 0.0040201005, 0.0, 0.0, 0.0020100502, 0.0020100502, 0.0030150753, 0.0020100502, 0.0030150753, 0.0010050251, 0.0010050251, 0.0, 0.0030150753, 0.0020100502, 0.017085427, 0.0010050251, 0.0030150753, 0.0, 0.0010050251, 0.0010050251, 0.0020100502, 0.007035176, 0.0040201005, 0.0020100502, 0.0060301507, 0.0, 0.0010050251, 0.0010050251, 0.007035176, 0.0020100502, 0.0030150753, 0.007035176, 0.0, 0.0010050251, 0.0010050251, 0.0010050251, 0.0020100502, 0.0, 0.0010050251, 0.0, 0.0020100502, 0.0020100502, 0.0040201005, 0.0010050251, 0.0, 0.0010050251, 0.0060301507, 0.0, 0.0040201005, 0.0, 0.0, 0.0, 0.0, 0.0020100502, 0.0020100502, 0.0010050251, 0.0020100502, 0.0, 0.0030150753, 0.0010050251, 0.0090452265, 0.0030150753, 0.0, 0.0010050251, 0.0010050251, 0.0010050251, 0.0020100502, 0.0010050251, 0.0010050251, 0.0020100502, 0.0, 0.0010050251, 0.0050251256, 0.0020100502, 0.0, 0.0010050251, 0.0010050251, 0.0010050251, 0.0, 0.0, 0.0030150753, 0.0010050251, 0.0, 0.0020100502, 0.0030150753, 0.0020100502, 0.0040201005, 0.0030150753, 0.0010050251, 0.0, 0.0040201005, 0.0050251256, 0.0030150753, 0.0020100502, 0.0030150753, 0.0030150753, 0.0, 0.0020100502, 0.0050251256, 0.0, 0.0060301507, 0.0030150753, 0.0, 0.0010050251, 0.0020100502, 0.0010050251, 0.0040201005, 0.014070352, 0.0020100502, 0.0030150753, 0.0020100502, 0.0050251256, 0.0040201005, 0.0, 0.007035176, 0.0010050251, 0.0010050251, 0.0030150753, 0.0030150753, 0.0010050251, 0.0010050251, 0.0020100502, 0.0010050251, 0.0, 0.0, 0.0020100502, 0.0020100502, 0.0040201005, 0.0020100502, 0.0010050251, 0.0020100502, 0.0040201005, 0.0010050251, 0.0010050251, 0.0040201005, 0.0, 0.011055276, 0.008040201, 0.0010050251, 0.0020100502, 0.011055276, 0.0010050251, 0.0020100502, 0.0020100502, 0.0020100502, 0.0030150753, 0.033165827, 0.0010050251, 0.0040201005, 0.0, 0.0, 0.0030150753, 0.0020100502, 0.0, 0.0010050251, 0.0, 0.0020100502, 0.0030150753, 0.0030150753, 0.0, 0.0040201005, 0.0030150753, 0.0010050251, 0.0030150753, 0.0, 0.0040201005, 0.0010050251, 0.0, 0.0, 0.0020100502, 0.0010050251, 0.0030150753, 0.0010050251, 0.0020100502, 0.0020100502, 0.0, 0.0040201005, 0.0020100502, 0.0040201005, 0.0040201005, 0.0020100502, 0.0010050251, 0.0030150753, 0.0060301507, 0.0030150753, 0.0020100502, 0.0020100502, 0.0010050251, 0.0020100502, 0.0010050251, 0.0060301507, 0.0, 0.0040201005, 0.0, 0.0010050251, 0.0050251256, 0.0020100502, 0.0040201005, 0.0010050251, 0.0, 0.0, 0.0030150753, 0.0, 0.0030150753, 0.0030150753, 0.0, 0.0010050251, 0.0050251256, 0.0010050251, 0.0010050251, 0.0020100502, 0.0040201005, 0.0, 0.0040201005, 0.0, 0.0040201005, 0.0020100502, 0.0050251256, 0.0030150753, 0.0030150753, 0.0, 0.0040201005, 0.0010050251, 0.0020100502, 0.0030150753, 0.0030150753, 0.0090452265, 0.0030150753, 0.0030150753, 0.0050251256, 0.0030150753, 0.0010050251, 0.0020100502, 0.0020100502, 0.0010050251, 0.0010050251, 0.0010050251, 0.0010050251, 0.0060301507, 0.0030150753, 0.0, 0.0040201005, 0.0030150753, 0.0, 0.0010050251, 0.0050251256, 0.0010050251, 0.0, 0.0010050251, 0.0020100502, 0.0, 0.0040201005, 0.0010050251, 0.0010050251, 0.0040201005, 0.0010050251, 0.0020100502, 0.007035176, 0.0030150753, 0.0030150753, 0.0, 0.0, 0.010050251, 0.0020100502, 0.0, 0.0020100502, 0.0020100502, 0.0010050251, 0.0030150753, 0.0010050251, 0.0020100502, 0.0, 0.0040201005, 0.0050251256, 0.0040201005 ]
--Histogram size : 400
Predicting test image : bookcase as bookcase
file:/C:/Users/ac010168/workspaces/umkc/Lab5Images/data/test/bookcase/book_00652.jpeg
Generating Histogram for image : C:/Users/ac010168/workspaces/umkc/Lab5Images/data/test/bookcase/book_00652.jpeg
400 5
Histogram size : (400, 1)
Histogram : [ 0.0061443932, 0.0, 0.0061443932, 0.0076804915, 0.0015360983, 0.0030721966, 0.0030721966, 0.0, 0.0015360983, 0.0015360983, 0.0030721966, 0.0030721966, 0.0, 0.0076804915, 0.0, 0.004608295, 0.0030721966, 0.0015360983, 0.0015360983, 0.0030721966, 0.0030721966, 0.0015360983, 0.0, 0.0015360983, 0.0030721966, 0.0, 0.0, 0.0015360983, 0.0, 0.010752688, 0.0015360983, 0.004608295, 0.0015360983, 0.0015360983, 0.0, 0.0015360983, 0.016897082, 0.0015360983, 0.004608295, 0.0, 0.0030721966, 0.0015360983, 0.0015360983, 0.0015360983, 0.0015360983, 0.0015360983, 0.0015360983, 0.0, 0.0, 0.004608295, 0.0015360983, 0.0030721966, 0.0, 0.0015360983, 0.0015360983, 0.0030721966, 0.004608295, 0.00921659, 0.0015360983, 0.0015360983, 0.0015360983, 0.0, 0.004608295, 0.0, 0.0015360983, 0.0015360983, 0.0, 0.0, 0.0, 0.0, 0.0015360983, 0.004608295, 0.004608295, 0.0015360983, 0.0030721966, 0.0015360983, 0.0, 0.0, 0.0030721966, 0.0030721966, 0.004608295, 0.0015360983, 0.0, 0.0, 0.0015360983, 0.0, 0.0061443932, 0.0, 0.0, 0.0015360983, 0.0030721966, 0.010752688, 0.0061443932, 0.0015360983, 0.0030721966, 0.0061443932, 0.0, 0.0061443932, 0.0, 0.0015360983, 0.0030721966, 0.0030721966, 0.0015360983, 0.0, 0.0, 0.0015360983, 0.0015360983, 0.0015360983, 0.004608295, 0.0061443932, 0.0, 0.0, 0.0030721966, 0.0, 0.0122887865, 0.0030721966, 0.0015360983, 0.0015360983, 0.0, 0.0015360983, 0.0, 0.0076804915, 0.0076804915, 0.0122887865, 0.0015360983, 0.0030721966, 0.004608295, 0.0, 0.0015360983, 0.0015360983, 0.0015360983, 0.0, 0.0061443932, 0.0015360983, 0.0061443932, 0.0, 0.0015360983, 0.0015360983, 0.00921659, 0.00921659, 0.0030721966, 0.0015360983, 0.0015360983, 0.0030721966, 0.00921659, 0.0015360983, 0.004608295, 0.0061443932, 0.0, 0.0076804915, 0.0015360983, 0.0030721966, 0.0061443932, 0.00921659, 0.0015360983, 0.0015360983, 0.0030721966, 0.0015360983, 0.0015360983, 0.004608295, 0.0, 0.0, 0.0, 0.0015360983, 0.0030721966, 0.0030721966, 0.0015360983, 0.0061443932, 0.0030721966, 0.0, 0.0, 0.0015360983, 0.0015360983, 0.0030721966, 0.0015360983, 0.0, 0.0, 0.0030721966, 0.0030721966, 0.0061443932, 0.0015360983, 0.0, 0.0015360983, 0.0, 0.004608295, 0.013824885, 0.004608295, 0.0015360983, 0.0, 0.0, 0.0015360983, 0.0030721966, 0.0030721966, 0.015360983, 0.0015360983, 0.004608295, 0.0030721966, 0.0061443932, 0.0015360983, 0.0, 0.0015360983, 0.0, 0.0061443932, 0.0, 0.00921659, 0.0015360983, 0.0, 0.0, 0.0030721966, 0.0030721966, 0.0, 0.0015360983, 0.0015360983, 0.0061443932, 0.0061443932, 0.0015360983, 0.0, 0.0061443932, 0.0, 0.0015360983, 0.0015360983, 0.004608295, 0.0015360983, 0.0030721966, 0.0015360983, 0.0061443932, 0.004608295, 0.0, 0.0, 0.0030721966, 0.0015360983, 0.0015360983, 0.01843318, 0.0, 0.0, 0.0, 0.0015360983, 0.0, 0.004608295, 0.0015360983, 0.0015360983, 0.0030721966, 0.0015360983, 0.0, 0.0, 0.0015360983, 0.0030721966, 0.0015360983, 0.0, 0.004608295, 0.0, 0.0, 0.004608295, 0.0015360983, 0.0030721966, 0.0, 0.004608295, 0.0061443932, 0.0015360983, 0.0015360983, 0.0015360983, 0.004608295, 0.0061443932, 0.0015360983, 0.004608295, 0.0, 0.0, 0.0, 0.0030721966, 0.0, 0.0030721966, 0.0061443932, 0.0015360983, 0.0076804915, 0.0, 0.0, 0.0, 0.0, 0.0015360983, 0.0015360983, 0.0061443932, 0.0015360983, 0.00921659, 0.0030721966, 0.0030721966, 0.0015360983, 0.0030721966, 0.0, 0.0015360983, 0.0, 0.0, 0.0030721966, 0.0030721966, 0.0015360983, 0.0015360983, 0.0030721966, 0.0, 0.0061443932, 0.0, 0.0015360983, 0.0015360983, 0.0030721966, 0.0030721966, 0.0030721966, 0.0030721966, 0.0, 0.0, 0.0, 0.0015360983, 0.004608295, 0.0015360983, 0.0015360983, 0.0030721966, 0.004608295, 0.0015360983, 0.004608295, 0.0, 0.0, 0.0, 0.0030721966, 0.004608295, 0.0015360983, 0.0076804915, 0.0, 0.0015360983, 0.0015360983, 0.0, 0.0, 0.0030721966, 0.004608295, 0.0, 0.004608295, 0.0122887865, 0.0015360983, 0.0030721966, 0.0030721966, 0.0015360983, 0.0, 0.0015360983, 0.0, 0.0061443932, 0.0, 0.0015360983, 0.0, 0.0, 0.0015360983, 0.0015360983, 0.0015360983, 0.0030721966, 0.004608295, 0.0015360983, 0.0, 0.0076804915, 0.0015360983, 0.0030721966, 0.0, 0.004608295, 0.004608295, 0.0076804915, 0.0015360983, 0.0061443932, 0.0, 0.0015360983, 0.0015360983, 0.0030721966, 0.0, 0.0, 0.004608295, 0.0, 0.0015360983, 0.0030721966, 0.0015360983, 0.004608295, 0.0, 0.0015360983, 0.0015360983, 0.004608295, 0.0, 0.0, 0.004608295, 0.0, 0.004608295, 0.0015360983, 0.0061443932, 0.0, 0.0, 0.0, 0.004608295, 0.0, 0.0, 0.0030721966, 0.0, 0.0, 0.0030721966, 0.0015360983, 0.0015360983, 0.0015360983, 0.0015360983, 0.004608295, 0.0 ]
--Histogram size : 400
Predicting test image : bookcase as bookcase
file:/C:/Users/ac010168/workspaces/umkc/Lab5Images/data/test/dc/dc_00008.jpeg
Generating Histogram for image : C:/Users/ac010168/workspaces/umkc/Lab5Images/data/test/dc/dc_00008.jpeg
400 5
Histogram size : (400, 1)
Histogram : [ 0.002739726, 0.0, 0.0, 0.002739726, 0.002739726, 0.0, 0.0, 0.0, 0.002739726, 0.002739726, 0.008219179, 0.002739726, 0.005479452, 0.005479452, 0.005479452, 0.002739726, 0.002739726, 0.0, 0.002739726, 0.0, 0.005479452, 0.0, 0.0, 0.002739726, 0.0, 0.0, 0.0, 0.005479452, 0.0, 0.01369863, 0.005479452, 0.002739726, 0.0, 0.008219179, 0.0, 0.005479452, 0.0, 0.002739726, 0.0, 0.0, 0.002739726, 0.002739726, 0.005479452, 0.005479452, 0.0, 0.005479452, 0.0, 0.008219179, 0.005479452, 0.002739726, 0.0, 0.005479452, 0.002739726, 0.002739726, 0.008219179, 0.002739726, 0.0, 0.005479452, 0.002739726, 0.005479452, 0.0, 0.005479452, 0.002739726, 0.0, 0.005479452, 0.0, 0.0, 0.0, 0.0, 0.0, 0.002739726, 0.0, 0.005479452, 0.005479452, 0.01369863, 0.005479452, 0.0, 0.005479452, 0.0, 0.0, 0.0, 0.002739726, 0.0, 0.0, 0.0, 0.005479452, 0.0, 0.0, 0.0, 0.0, 0.002739726, 0.002739726, 0.002739726, 0.0, 0.002739726, 0.010958904, 0.0, 0.0, 0.005479452, 0.002739726, 0.002739726, 0.002739726, 0.002739726, 0.005479452, 0.0, 0.002739726, 0.002739726, 0.0, 0.0, 0.0, 0.002739726, 0.010958904, 0.0, 0.008219179, 0.0, 0.0, 0.002739726, 0.0, 0.0, 0.008219179, 0.002739726, 0.002739726, 0.0, 0.0, 0.002739726, 0.0, 0.0, 0.005479452, 0.0, 0.002739726, 0.0, 0.0, 0.0, 0.005479452, 0.002739726, 0.002739726, 0.008219179, 0.0, 0.002739726, 0.0, 0.002739726, 0.0, 0.005479452, 0.002739726, 0.0, 0.002739726, 0.008219179, 0.0, 0.002739726, 0.002739726, 0.0, 0.005479452, 0.002739726, 0.0, 0.002739726, 0.0, 0.005479452, 0.0, 0.0, 0.002739726, 0.0, 0.0, 0.005479452, 0.0, 0.0, 0.002739726, 0.005479452, 0.0, 0.002739726, 0.002739726, 0.008219179, 0.005479452, 0.002739726, 0.0, 0.0, 0.0, 0.0, 0.0, 0.0, 0.0, 0.005479452, 0.008219179, 0.0, 0.005479452, 0.002739726, 0.002739726, 0.002739726, 0.002739726, 0.0, 0.005479452, 0.008219179, 0.0, 0.002739726, 0.005479452, 0.002739726, 0.002739726, 0.0, 0.002739726, 0.0, 0.008219179, 0.002739726, 0.0, 0.0, 0.0, 0.002739726, 0.002739726, 0.002739726, 0.002739726, 0.002739726, 0.0, 0.002739726, 0.0, 0.0, 0.002739726, 0.002739726, 0.008219179, 0.002739726, 0.002739726, 0.002739726, 0.0, 0.002739726, 0.0, 0.0, 0.0, 0.002739726, 0.0, 0.002739726, 0.0, 0.002739726, 0.002739726, 0.008219179, 0.01369863, 0.0, 0.002739726, 0.0, 0.0, 0.008219179, 0.005479452, 0.0, 0.002739726, 0.002739726, 0.005479452, 0.002739726, 0.005479452, 0.0, 0.002739726, 0.005479452, 0.0, 0.002739726, 0.002739726, 0.0, 0.002739726, 0.002739726, 0.005479452, 0.0, 0.0, 0.0, 0.005479452, 0.0, 0.005479452, 0.002739726, 0.0, 0.002739726, 0.005479452, 0.005479452, 0.002739726, 0.0, 0.010958904, 0.0, 0.0, 0.002739726, 0.0, 0.005479452, 0.002739726, 0.0, 0.0, 0.0, 0.0, 0.0, 0.008219179, 0.0, 0.0, 0.002739726, 0.0, 0.01369863, 0.002739726, 0.002739726, 0.0, 0.002739726, 0.005479452, 0.0, 0.002739726, 0.002739726, 0.002739726, 0.008219179, 0.0, 0.0, 0.0, 0.0, 0.0, 0.0, 0.0, 0.01369863, 0.002739726, 0.0, 0.010958904, 0.002739726, 0.0, 0.002739726, 0.0, 0.0, 0.002739726, 0.0, 0.0, 0.002739726, 0.002739726, 0.002739726, 0.005479452, 0.005479452, 0.0, 0.002739726, 0.0, 0.002739726, 0.0, 0.002739726, 0.0, 0.002739726, 0.0, 0.0, 0.002739726, 0.005479452, 0.0, 0.002739726, 0.005479452, 0.002739726, 0.005479452, 0.002739726, 0.002739726, 0.0, 0.002739726, 0.0, 0.002739726, 0.005479452, 0.0, 0.005479452, 0.005479452, 0.005479452, 0.002739726, 0.002739726, 0.002739726, 0.0, 0.0, 0.002739726, 0.005479452, 0.0, 0.005479452, 0.002739726, 0.0, 0.0, 0.0, 0.002739726, 0.002739726, 0.005479452, 0.002739726, 0.0, 0.005479452, 0.0, 0.016438358, 0.0, 0.0, 0.0, 0.002739726, 0.0, 0.0, 0.002739726, 0.002739726, 0.002739726, 0.005479452, 0.005479452, 0.0, 0.002739726, 0.002739726, 0.002739726, 0.005479452, 0.0, 0.002739726, 0.002739726, 0.008219179, 0.002739726, 0.002739726, 0.002739726, 0.002739726, 0.0, 0.002739726, 0.0, 0.0, 0.0, 0.0, 0.0, 0.002739726 ]
--Histogram size : 400
Predicting test image : dc as dc
file:/C:/Users/ac010168/workspaces/umkc/Lab5Images/data/test/dc/dc_00343.jpeg
Generating Histogram for image : C:/Users/ac010168/workspaces/umkc/Lab5Images/data/test/dc/dc_00343.jpeg
400 5
Histogram size : (400, 1)
Histogram : [ 0.0, 0.0, 0.0045045046, 0.0, 0.009009009, 0.0, 0.0022522523, 0.0022522523, 0.006756757, 0.0045045046, 0.0022522523, 0.0022522523, 0.0045045046, 0.0, 0.006756757, 0.0, 0.0022522523, 0.0, 0.0045045046, 0.006756757, 0.0045045046, 0.0022522523, 0.0045045046, 0.0045045046, 0.0, 0.0045045046, 0.0, 0.0022522523, 0.0, 0.0022522523, 0.006756757, 0.006756757, 0.006756757, 0.0022522523, 0.0045045046, 0.0045045046, 0.0, 0.0, 0.0022522523, 0.009009009, 0.0, 0.0045045046, 0.006756757, 0.0, 0.0, 0.0022522523, 0.006756757, 0.0045045046, 0.0022522523, 0.0022522523, 0.0, 0.0, 0.0, 0.0, 0.0045045046, 0.0, 0.0, 0.0, 0.0022522523, 0.0045045046, 0.006756757, 0.0045045046, 0.0022522523, 0.0, 0.0, 0.0, 0.0022522523, 0.0, 0.0022522523, 0.0045045046, 0.0022522523, 0.0, 0.0045045046, 0.006756757, 0.0, 0.0022522523, 0.006756757, 0.009009009, 0.0, 0.0022522523, 0.0022522523, 0.0, 0.0022522523, 0.006756757, 0.0022522523, 0.0022522523, 0.0, 0.0, 0.0022522523, 0.0, 0.0, 0.0, 0.0, 0.0022522523, 0.0022522523, 0.0022522523, 0.0, 0.0022522523, 0.006756757, 0.0022522523, 0.006756757, 0.0045045046, 0.0022522523, 0.0, 0.0045045046, 0.0045045046, 0.0, 0.0, 0.0045045046, 0.0, 0.0022522523, 0.0045045046, 0.0022522523, 0.0045045046, 0.0, 0.0, 0.0022522523, 0.0, 0.0022522523, 0.0022522523, 0.0022522523, 0.0022522523, 0.0, 0.0, 0.0045045046, 0.006756757, 0.0, 0.0, 0.0022522523, 0.0045045046, 0.0022522523, 0.0, 0.0045045046, 0.0, 0.0, 0.009009009, 0.0022522523, 0.0, 0.0, 0.0, 0.0045045046, 0.0045045046, 0.0, 0.0, 0.0, 0.0, 0.0022522523, 0.0, 0.0022522523, 0.0045045046, 0.0022522523, 0.0, 0.0, 0.0022522523, 0.006756757, 0.0022522523, 0.0022522523, 0.0, 0.006756757, 0.0, 0.0, 0.0022522523, 0.0022522523, 0.0, 0.0045045046, 0.013513514, 0.0, 0.0, 0.0022522523, 0.0, 0.0045045046, 0.0, 0.0, 0.0, 0.0022522523, 0.013513514, 0.0045045046, 0.0022522523, 0.0, 0.0, 0.0, 0.0022522523, 0.0022522523, 0.0, 0.0, 0.0022522523, 0.0, 0.0, 0.006756757, 0.0022522523, 0.0, 0.0, 0.0022522523, 0.0, 0.0045045046, 0.0, 0.0, 0.0022522523, 0.0022522523, 0.0022522523, 0.0, 0.011261262, 0.0045045046, 0.0, 0.0, 0.0045045046, 0.0022522523, 0.0022522523, 0.0022522523, 0.0, 0.0, 0.0045045046, 0.0022522523, 0.0022522523, 0.0022522523, 0.0045045046, 0.0022522523, 0.0022522523, 0.0022522523, 0.0, 0.0022522523, 0.0022522523, 0.0045045046, 0.0, 0.0, 0.0, 0.0022522523, 0.0, 0.0, 0.0, 0.009009009, 0.0022522523, 0.0022522523, 0.0045045046, 0.006756757, 0.0, 0.0022522523, 0.0, 0.0, 0.009009009, 0.0, 0.0045045046, 0.0045045046, 0.0022522523, 0.0045045046, 0.0, 0.0022522523, 0.0045045046, 0.0022522523, 0.0, 0.0022522523, 0.0045045046, 0.0022522523, 0.0045045046, 0.0022522523, 0.0, 0.0, 0.0045045046, 0.0022522523, 0.0, 0.0, 0.009009009, 0.0045045046, 0.006756757, 0.0, 0.0, 0.0022522523, 0.006756757, 0.0022522523, 0.0, 0.0022522523, 0.0, 0.006756757, 0.0045045046, 0.0022522523, 0.0, 0.0, 0.0022522523, 0.0, 0.0045045046, 0.0, 0.0, 0.0, 0.0, 0.0022522523, 0.0, 0.0045045046, 0.009009009, 0.0, 0.006756757, 0.0022522523, 0.0022522523, 0.0045045046, 0.0, 0.009009009, 0.0, 0.0022522523, 0.0, 0.0022522523, 0.0, 0.0022522523, 0.0045045046, 0.006756757, 0.0022522523, 0.0045045046, 0.0045045046, 0.0, 0.0, 0.0022522523, 0.0022522523, 0.0022522523, 0.0022522523, 0.006756757, 0.0, 0.006756757, 0.0, 0.0, 0.0022522523, 0.011261262, 0.0022522523, 0.0045045046, 0.0045045046, 0.0, 0.018018018, 0.0022522523, 0.0022522523, 0.0022522523, 0.0, 0.0045045046, 0.0045045046, 0.0, 0.0022522523, 0.0045045046, 0.0, 0.0, 0.0045045046, 0.0045045046, 0.0045045046, 0.0, 0.0022522523, 0.0, 0.0, 0.0045045046, 0.0045045046, 0.0022522523, 0.006756757, 0.0022522523, 0.0022522523, 0.0022522523, 0.0, 0.0, 0.0, 0.0045045046, 0.0, 0.0022522523, 0.009009009, 0.0022522523, 0.0022522523, 0.009009009, 0.0, 0.0, 0.0022522523, 0.0022522523, 0.0022522523, 0.0, 0.0045045046, 0.0022522523, 0.006756757, 0.0, 0.0, 0.0, 0.0022522523, 0.011261262, 0.0, 0.0022522523, 0.0022522523, 0.0045045046, 0.0045045046, 0.0022522523, 0.0045045046, 0.006756757, 0.0022522523, 0.0022522523, 0.0, 0.0, 0.0045045046, 0.0045045046, 0.0022522523, 0.006756757, 0.0022522523, 0.0022522523, 0.0045045046, 0.0, 0.0022522523, 0.0045045046, 0.0022522523, 0.0022522523, 0.0, 0.0, 0.0022522523 ]
--Histogram size : 400
Predicting test image : dc as dc
file:/C:/Users/ac010168/workspaces/umkc/Lab5Images/data/test/firefly/firefly_00009.jpeg
Generating Histogram for image : C:/Users/ac010168/workspaces/umkc/Lab5Images/data/test/firefly/firefly_00009.jpeg
400 5
Histogram size : (400, 1)
Histogram : [ 0.0, 0.0, 0.0, 0.0, 0.0, 0.0, 0.0, 0.0, 0.0, 0.0, 0.011111111, 0.0, 0.0, 0.0, 0.0, 0.0, 0.0, 0.022222223, 0.0, 0.022222223, 0.0, 0.0, 0.0, 0.0, 0.0, 0.0, 0.033333335, 0.0, 0.0, 0.0, 0.0, 0.0, 0.0, 0.044444446, 0.0, 0.0, 0.0, 0.0, 0.0, 0.0, 0.011111111, 0.0, 0.011111111, 0.011111111, 0.0, 0.0, 0.0, 0.0, 0.0, 0.011111111, 0.0, 0.0, 0.0, 0.011111111, 0.022222223, 0.0, 0.0, 0.0, 0.0, 0.011111111, 0.0, 0.0, 0.011111111, 0.0, 0.0, 0.0, 0.0, 0.0, 0.0, 0.0, 0.0, 0.0, 0.0, 0.0, 0.0, 0.0, 0.0, 0.0, 0.0, 0.0, 0.011111111, 0.0, 0.0, 0.0, 0.0, 0.022222223, 0.0, 0.0, 0.0, 0.0, 0.011111111, 0.0, 0.0, 0.0, 0.0, 0.0, 0.0, 0.011111111, 0.0, 0.0, 0.0, 0.0, 0.0, 0.0, 0.0, 0.0, 0.011111111, 0.0, 0.0, 0.011111111, 0.0, 0.0, 0.0, 0.0, 0.0, 0.0, 0.0, 0.0, 0.0, 0.0, 0.0, 0.0, 0.0, 0.0, 0.0, 0.011111111, 0.0, 0.011111111, 0.022222223, 0.0, 0.0, 0.0, 0.011111111, 0.022222223, 0.0, 0.0, 0.0, 0.0, 0.0, 0.0, 0.0, 0.011111111, 0.0, 0.0, 0.0, 0.0, 0.0, 0.011111111, 0.0, 0.0, 0.0, 0.0, 0.0, 0.0, 0.0, 0.0, 0.0, 0.0, 0.011111111, 0.0, 0.0, 0.0, 0.0, 0.0, 0.0, 0.0, 0.0, 0.0, 0.011111111, 0.0, 0.0, 0.0, 0.0, 0.0, 0.011111111, 0.0, 0.0, 0.0, 0.0, 0.0, 0.0, 0.0, 0.0, 0.011111111, 0.0, 0.0, 0.0, 0.0, 0.011111111, 0.0, 0.0, 0.0, 0.0, 0.0, 0.011111111, 0.0, 0.0, 0.0, 0.0, 0.0, 0.0, 0.0, 0.0, 0.0, 0.0, 0.0, 0.0, 0.0, 0.0, 0.0, 0.0, 0.0, 0.0, 0.0, 0.0, 0.011111111, 0.022222223, 0.0, 0.011111111, 0.011111111, 0.011111111, 0.0, 0.0, 0.0, 0.0, 0.0, 0.0, 0.0, 0.0, 0.011111111, 0.0, 0.0, 0.0, 0.011111111, 0.0, 0.0, 0.0, 0.0, 0.011111111, 0.0, 0.0, 0.0, 0.011111111, 0.0, 0.0, 0.022222223, 0.0, 0.0, 0.0, 0.0, 0.0, 0.0, 0.0, 0.0, 0.0, 0.0, 0.0, 0.0, 0.0, 0.0, 0.0, 0.022222223, 0.0, 0.0, 0.0, 0.0, 0.022222223, 0.0, 0.011111111, 0.0, 0.0, 0.0, 0.011111111, 0.0, 0.0, 0.0, 0.0, 0.0, 0.0, 0.0, 0.0, 0.0, 0.0, 0.0, 0.0, 0.0, 0.0, 0.0, 0.0, 0.0, 0.0, 0.0, 0.011111111, 0.0, 0.011111111, 0.0, 0.0, 0.0, 0.0, 0.011111111, 0.0, 0.0, 0.033333335, 0.0, 0.011111111, 0.044444446, 0.0, 0.0, 0.011111111, 0.0, 0.0, 0.0, 0.0, 0.022222223, 0.0, 0.0, 0.0, 0.0, 0.0, 0.011111111, 0.0, 0.0, 0.0, 0.0, 0.0, 0.0, 0.0, 0.0, 0.0, 0.0, 0.0, 0.011111111, 0.0, 0.0, 0.0, 0.0, 0.0, 0.0, 0.0, 0.0, 0.0, 0.0, 0.0, 0.0, 0.0, 0.011111111, 0.011111111, 0.0, 0.022222223, 0.0, 0.0, 0.0, 0.0, 0.0, 0.011111111, 0.0, 0.0, 0.0, 0.0, 0.0, 0.0, 0.0, 0.0, 0.0, 0.0, 0.0, 0.0, 0.044444446, 0.0, 0.011111111, 0.0, 0.0, 0.011111111, 0.0, 0.0, 0.0, 0.0, 0.0, 0.0, 0.0, 0.0, 0.0, 0.011111111, 0.0, 0.0, 0.0, 0.0, 0.0, 0.0, 0.0, 0.0, 0.0, 0.0, 0.0, 0.0, 0.0, 0.0, 0.0, 0.011111111, 0.0 ]
--Histogram size : 400
Predicting test image : firefly as firefly
file:/C:/Users/ac010168/workspaces/umkc/Lab5Images/data/test/firefly/firefly_00318.jpeg
Generating Histogram for image : C:/Users/ac010168/workspaces/umkc/Lab5Images/data/test/firefly/firefly_00318.jpeg
400 5
Histogram size : (400, 1)
Histogram : [ 0.0, 0.0, 0.0, 0.0, 0.0, 0.0, 0.0, 0.0, 0.0, 0.0, 0.029702969, 0.0, 0.0, 0.0, 0.00990099, 0.0, 0.0, 0.00990099, 0.0, 0.029702969, 0.0, 0.0, 0.0, 0.00990099, 0.0, 0.0, 0.01980198, 0.0, 0.0, 0.00990099, 0.0, 0.00990099, 0.0, 0.01980198, 0.0, 0.0, 0.0, 0.0, 0.0, 0.0, 0.00990099, 0.00990099, 0.00990099, 0.00990099, 0.0, 0.0, 0.0, 0.0, 0.0, 0.0, 0.0, 0.0, 0.0, 0.0, 0.01980198, 0.0, 0.0, 0.0, 0.0, 0.0, 0.00990099, 0.0, 0.0, 0.0, 0.0, 0.0, 0.0, 0.0, 0.0, 0.0, 0.0, 0.01980198, 0.0, 0.00990099, 0.00990099, 0.0, 0.0, 0.0, 0.0, 0.0, 0.00990099, 0.0, 0.0, 0.0, 0.0, 0.029702969, 0.0, 0.00990099, 0.0, 0.0, 0.0, 0.0, 0.0, 0.0, 0.0, 0.0, 0.0, 0.0, 0.0, 0.0, 0.0, 0.0, 0.0, 0.0, 0.0, 0.0, 0.01980198, 0.0, 0.0, 0.00990099, 0.0, 0.0, 0.0, 0.0, 0.00990099, 0.0, 0.0, 0.0, 0.0, 0.0, 0.0, 0.0, 0.00990099, 0.0, 0.0, 0.0, 0.0, 0.00990099, 0.00990099, 0.00990099, 0.0, 0.00990099, 0.0, 0.0, 0.0, 0.0, 0.0, 0.0, 0.0, 0.0, 0.0, 0.00990099, 0.0, 0.0, 0.0, 0.0, 0.0, 0.0, 0.0, 0.0, 0.0, 0.00990099, 0.0, 0.0, 0.0, 0.0, 0.0, 0.0, 0.0, 0.0, 0.0, 0.0, 0.0, 0.00990099, 0.0, 0.0, 0.0, 0.0, 0.0, 0.00990099, 0.0, 0.0, 0.0, 0.0, 0.00990099, 0.0, 0.0, 0.0, 0.0, 0.0, 0.0, 0.0, 0.0, 0.0, 0.0, 0.0, 0.0, 0.0, 0.00990099, 0.0, 0.0, 0.0, 0.0, 0.0, 0.0, 0.0, 0.0, 0.0, 0.0, 0.0, 0.0, 0.0, 0.0, 0.00990099, 0.0, 0.0, 0.00990099, 0.0, 0.00990099, 0.0, 0.0, 0.0, 0.00990099, 0.0, 0.00990099, 0.0, 0.0, 0.0, 0.0, 0.0, 0.00990099, 0.0, 0.0, 0.0, 0.0, 0.0, 0.01980198, 0.01980198, 0.0, 0.0, 0.0, 0.0, 0.0, 0.029702969, 0.00990099, 0.0, 0.0, 0.0, 0.01980198, 0.0, 0.0, 0.0, 0.0, 0.0, 0.0, 0.01980198, 0.0, 0.0, 0.0, 0.0, 0.00990099, 0.0, 0.0, 0.0, 0.0, 0.0, 0.0, 0.00990099, 0.0, 0.0, 0.00990099, 0.00990099, 0.00990099, 0.00990099, 0.0, 0.0, 0.00990099, 0.0, 0.0, 0.0, 0.0, 0.0, 0.0, 0.0, 0.0, 0.0, 0.0, 0.0, 0.0, 0.00990099, 0.0, 0.01980198, 0.0, 0.0, 0.0, 0.0, 0.0, 0.0, 0.0, 0.0, 0.0, 0.00990099, 0.01980198, 0.0, 0.00990099, 0.0, 0.0, 0.0, 0.0, 0.0, 0.0, 0.0, 0.01980198, 0.0, 0.00990099, 0.01980198, 0.00990099, 0.0, 0.0, 0.0, 0.0, 0.0, 0.0, 0.0, 0.0, 0.0, 0.0, 0.0, 0.0, 0.00990099, 0.00990099, 0.0, 0.0, 0.0, 0.0, 0.00990099, 0.0, 0.0, 0.0, 0.0, 0.0, 0.00990099, 0.00990099, 0.0, 0.00990099, 0.00990099, 0.0, 0.0, 0.0, 0.0, 0.0, 0.0, 0.0, 0.00990099, 0.0, 0.0, 0.0, 0.0, 0.029702969, 0.0, 0.00990099, 0.0, 0.0, 0.0, 0.0, 0.0, 0.0, 0.00990099, 0.0, 0.0, 0.0, 0.0, 0.0, 0.0, 0.0, 0.0, 0.0, 0.00990099, 0.0, 0.00990099, 0.0, 0.0, 0.0, 0.0, 0.0, 0.0, 0.0, 0.00990099, 0.0, 0.0, 0.0, 0.0, 0.0, 0.0, 0.00990099, 0.0, 0.0, 0.0, 0.0, 0.0, 0.0, 0.0, 0.0, 0.0, 0.0, 0.0, 0.0, 0.0, 0.0, 0.0 ]
--Histogram size : 400
Predicting test image : firefly as firefly
file:/C:/Users/ac010168/workspaces/umkc/Lab5Images/data/test/lotr/lotr_00084.jpeg
Generating Histogram for image : C:/Users/ac010168/workspaces/umkc/Lab5Images/data/test/lotr/lotr_00084.jpeg
400 5
Histogram size : (400, 1)
Histogram : [ 0.022831049, 0.00456621, 0.0, 0.0, 0.00913242, 0.0, 0.0, 0.0, 0.0, 0.0, 0.00456621, 0.0, 0.0, 0.00456621, 0.0, 0.00913242, 0.00456621, 0.0, 0.0, 0.00456621, 0.0, 0.00456621, 0.0, 0.00456621, 0.0, 0.0, 0.0, 0.00456621, 0.00456621, 0.00456621, 0.0, 0.00456621, 0.0, 0.0, 0.0, 0.01369863, 0.0, 0.0, 0.0, 0.00456621, 0.0, 0.0, 0.00456621, 0.0, 0.0, 0.0, 0.0, 0.00913242, 0.0, 0.0, 0.00456621, 0.0, 0.0, 0.0, 0.0, 0.0, 0.0, 0.00456621, 0.00456621, 0.0, 0.0, 0.01826484, 0.00456621, 0.00456621, 0.00456621, 0.00456621, 0.00456621, 0.00456621, 0.00456621, 0.0, 0.0, 0.00456621, 0.00456621, 0.00913242, 0.00913242, 0.00456621, 0.0, 0.0, 0.0, 0.0, 0.0, 0.0, 0.00456621, 0.0, 0.0, 0.0, 0.0, 0.0, 0.00456621, 0.0, 0.0, 0.00913242, 0.00913242, 0.0, 0.0, 0.0, 0.0, 0.00456621, 0.0, 0.00456621, 0.0, 0.0, 0.00456621, 0.00913242, 0.0, 0.0, 0.0, 0.00456621, 0.0, 0.00456621, 0.00913242, 0.0, 0.0, 0.00456621, 0.00456621, 0.01369863, 0.0, 0.0, 0.0, 0.00456621, 0.0, 0.00913242, 0.0, 0.0, 0.0, 0.0, 0.0, 0.0, 0.0, 0.0, 0.0, 0.0, 0.0, 0.0, 0.0, 0.0, 0.0, 0.0, 0.0, 0.00456621, 0.0, 0.00456621, 0.0, 0.00456621, 0.00456621, 0.0, 0.0, 0.00456621, 0.00456621, 0.00456621, 0.0, 0.00913242, 0.00913242, 0.0, 0.00456621, 0.00913242, 0.0, 0.00913242, 0.00456621, 0.00456621, 0.0, 0.0, 0.00913242, 0.0, 0.00456621, 0.0, 0.00456621, 0.0, 0.0, 0.0, 0.00456621, 0.00456621, 0.00913242, 0.0, 0.0, 0.0, 0.0, 0.0, 0.00456621, 0.0, 0.0, 0.0, 0.0, 0.0, 0.0, 0.0, 0.0, 0.0, 0.0, 0.0, 0.0, 0.0, 0.0, 0.00913242, 0.00456621, 0.00913242, 0.0, 0.0, 0.0, 0.0, 0.0, 0.00913242, 0.00456621, 0.01369863, 0.00456621, 0.0, 0.0, 0.0, 0.00456621, 0.0, 0.0, 0.0, 0.00456621, 0.00456621, 0.00456621, 0.00456621, 0.0, 0.0, 0.0, 0.0, 0.00456621, 0.0, 0.0, 0.0, 0.00456621, 0.00456621, 0.00913242, 0.00456621, 0.0, 0.0, 0.0, 0.0, 0.0, 0.0, 0.0, 0.0, 0.0, 0.0, 0.0, 0.00456621, 0.00456621, 0.0, 0.00456621, 0.0, 0.00456621, 0.0, 0.00456621, 0.0, 0.01826484, 0.0, 0.0, 0.00456621, 0.0, 0.0, 0.00456621, 0.0, 0.0, 0.00456621, 0.0, 0.00456621, 0.0, 0.0, 0.0, 0.0, 0.0, 0.00913242, 0.00456621, 0.00456621, 0.0, 0.00456621, 0.00913242, 0.00456621, 0.00456621, 0.0, 0.0, 0.0, 0.0, 0.0, 0.00913242, 0.0, 0.0, 0.0, 0.01826484, 0.0, 0.00456621, 0.0, 0.0, 0.00456621, 0.01369863, 0.0, 0.0, 0.0, 0.0, 0.0, 0.00456621, 0.00456621, 0.0, 0.0, 0.00456621, 0.01369863, 0.0, 0.0, 0.022831049, 0.0, 0.0, 0.0, 0.0, 0.0, 0.00456621, 0.0, 0.0, 0.0, 0.0, 0.0, 0.0, 0.00913242, 0.0, 0.0, 0.0, 0.0, 0.00456621, 0.0, 0.00456621, 0.0, 0.0, 0.0, 0.00456621, 0.0, 0.0, 0.0, 0.0, 0.01369863, 0.01369863, 0.0, 0.0, 0.00913242, 0.01369863, 0.00456621, 0.0, 0.0, 0.0, 0.0, 0.00456621, 0.00456621, 0.0, 0.0, 0.0, 0.0, 0.0, 0.0, 0.0, 0.0, 0.0, 0.00456621, 0.0, 0.0, 0.01826484, 0.00456621, 0.00456621, 0.00913242, 0.0, 0.0, 0.0, 0.00456621, 0.0, 0.00913242, 0.0, 0.01369863, 0.0, 0.00456621, 0.0, 0.0, 0.00913242, 0.00913242, 0.0, 0.0, 0.00913242, 0.00456621, 0.0, 0.00456621, 0.0, 0.00456621, 0.0, 0.0, 0.00456621, 0.0, 0.0, 0.0, 0.0, 0.0, 0.0, 0.00913242, 0.00456621, 0.00913242, 0.0, 0.00456621, 0.0, 0.00456621, 0.00456621, 0.0 ]
--Histogram size : 400
Predicting test image : lotr as lotr
file:/C:/Users/ac010168/workspaces/umkc/Lab5Images/data/test/lotr/lotr_00296.jpeg
Generating Histogram for image : C:/Users/ac010168/workspaces/umkc/Lab5Images/data/test/lotr/lotr_00296.jpeg
400 5
Histogram size : (400, 1)
Histogram : [ 0.0045871558, 0.0045871558, 0.0045871558, 0.0045871558, 0.0091743115, 0.0, 0.0, 0.0, 0.0, 0.0045871558, 0.0045871558, 0.0, 0.0091743115, 0.027522935, 0.0045871558, 0.0045871558, 0.0, 0.0, 0.0045871558, 0.013761467, 0.0, 0.0, 0.0, 0.0, 0.0045871558, 0.0, 0.0, 0.0045871558, 0.0, 0.0045871558, 0.0045871558, 0.0045871558, 0.0, 0.0045871558, 0.0, 0.0091743115, 0.027522935, 0.0091743115, 0.0, 0.0, 0.018348623, 0.0, 0.0045871558, 0.0, 0.0, 0.0, 0.0, 0.0, 0.0045871558, 0.0, 0.0, 0.0, 0.0, 0.0, 0.0, 0.0, 0.0091743115, 0.0, 0.0045871558, 0.0, 0.0091743115, 0.0045871558, 0.0, 0.0, 0.0, 0.0045871558, 0.0, 0.0045871558, 0.0, 0.0045871558, 0.0091743115, 0.0, 0.0045871558, 0.0, 0.0, 0.0, 0.0, 0.0, 0.0091743115, 0.0045871558, 0.0091743115, 0.0, 0.0, 0.0, 0.0091743115, 0.0045871558, 0.0, 0.0, 0.0, 0.0045871558, 0.0, 0.0045871558, 0.0091743115, 0.0, 0.0045871558, 0.0045871558, 0.0, 0.0045871558, 0.0, 0.0, 0.0, 0.0, 0.0091743115, 0.0045871558, 0.0, 0.0045871558, 0.0, 0.0, 0.0, 0.0, 0.0, 0.0, 0.0, 0.0, 0.0045871558, 0.0, 0.0045871558, 0.0, 0.018348623, 0.0, 0.0045871558, 0.0, 0.0, 0.0045871558, 0.0, 0.013761467, 0.0, 0.0, 0.0, 0.0, 0.0, 0.0045871558, 0.0, 0.0045871558, 0.0, 0.0, 0.0091743115, 0.0, 0.0, 0.0, 0.0, 0.0, 0.0045871558, 0.0, 0.0045871558, 0.0, 0.013761467, 0.0045871558, 0.0, 0.0045871558, 0.0, 0.0045871558, 0.0, 0.0045871558, 0.0091743115, 0.0045871558, 0.0, 0.0, 0.0, 0.0091743115, 0.0, 0.0, 0.0, 0.0, 0.0, 0.0, 0.0091743115, 0.0, 0.0, 0.0, 0.0, 0.0045871558, 0.0, 0.0, 0.0091743115, 0.0, 0.0, 0.0045871558, 0.0, 0.0091743115, 0.0, 0.0, 0.0, 0.0, 0.0, 0.0, 0.0, 0.0, 0.0, 0.0, 0.0091743115, 0.0, 0.0, 0.0, 0.0, 0.0045871558, 0.0, 0.0091743115, 0.0, 0.0, 0.0, 0.013761467, 0.0, 0.0, 0.0045871558, 0.0091743115, 0.0045871558, 0.0, 0.0, 0.0, 0.0, 0.0, 0.0045871558, 0.0, 0.0, 0.0, 0.0, 0.0091743115, 0.0, 0.0, 0.0, 0.0045871558, 0.0045871558, 0.0, 0.0, 0.0, 0.0091743115, 0.0045871558, 0.0, 0.0091743115, 0.0, 0.0, 0.0, 0.0, 0.0045871558, 0.0, 0.0, 0.0, 0.0091743115, 0.0, 0.0, 0.0045871558, 0.0, 0.0045871558, 0.013761467, 0.0045871558, 0.0, 0.0, 0.0045871558, 0.0045871558, 0.0045871558, 0.0, 0.0, 0.0, 0.0, 0.0045871558, 0.0, 0.0, 0.0091743115, 0.0, 0.0, 0.013761467, 0.0045871558, 0.0, 0.0045871558, 0.0, 0.0, 0.0045871558, 0.013761467, 0.0045871558, 0.0091743115, 0.0, 0.0, 0.0, 0.0, 0.0, 0.0, 0.0, 0.0045871558, 0.0045871558, 0.0, 0.0, 0.0091743115, 0.0, 0.0045871558, 0.0, 0.0, 0.0045871558, 0.0, 0.0, 0.0, 0.0, 0.0091743115, 0.0045871558, 0.0045871558, 0.0045871558, 0.0045871558, 0.0, 0.0, 0.0091743115, 0.0, 0.0045871558, 0.0091743115, 0.0, 0.0091743115, 0.0, 0.0, 0.0, 0.0, 0.0, 0.0045871558, 0.0, 0.0, 0.0, 0.0, 0.0045871558, 0.0, 0.0, 0.0, 0.0, 0.0, 0.0, 0.0045871558, 0.0091743115, 0.0, 0.0, 0.0, 0.0, 0.0045871558, 0.0, 0.0045871558, 0.0045871558, 0.0091743115, 0.0, 0.0, 0.0045871558, 0.0, 0.0045871558, 0.0, 0.0, 0.0, 0.0045871558, 0.0, 0.0, 0.0045871558, 0.013761467, 0.0091743115, 0.0045871558, 0.0, 0.0, 0.0, 0.0, 0.0, 0.0, 0.0, 0.0, 0.0, 0.0, 0.0, 0.0, 0.0, 0.0, 0.0, 0.0045871558, 0.0, 0.0091743115, 0.013761467, 0.0045871558, 0.0, 0.0045871558, 0.0, 0.0, 0.0, 0.0045871558, 0.0045871558, 0.0045871558, 0.0, 0.0, 0.0, 0.0, 0.0, 0.0, 0.0045871558, 0.0, 0.0, 0.0, 0.0, 0.0, 0.013761467, 0.0, 0.0, 0.0, 0.0, 0.0, 0.0045871558, 0.0045871558, 0.0045871558, 0.0, 0.0, 0.0 ]
--Histogram size : 400
Predicting test image : lotr as lotr
file:/C:/Users/ac010168/workspaces/umkc/Lab5Images/data/test/lotr/lotr_00416.jpeg
Generating Histogram for image : C:/Users/ac010168/workspaces/umkc/Lab5Images/data/test/lotr/lotr_00416.jpeg
400 5
Histogram size : (400, 1)
Histogram : [ 0.0066225166, 0.0, 0.0, 0.0, 0.0, 0.0, 0.01986755, 0.0, 0.0, 0.0066225166, 0.0, 0.0, 0.0066225166, 0.0, 0.0, 0.0, 0.0066225166, 0.0, 0.013245033, 0.013245033, 0.0, 0.0, 0.0066225166, 0.0, 0.0, 0.0066225166, 0.0, 0.0, 0.0, 0.0, 0.0, 0.026490066, 0.0, 0.0, 0.0, 0.0, 0.0, 0.0, 0.0, 0.0066225166, 0.052980132, 0.0066225166, 0.0, 0.0, 0.0, 0.0, 0.0, 0.0, 0.0, 0.0066225166, 0.0, 0.0066225166, 0.0, 0.0, 0.0, 0.0, 0.0, 0.0, 0.0, 0.01986755, 0.013245033, 0.013245033, 0.01986755, 0.0, 0.0, 0.0, 0.0, 0.0066225166, 0.0, 0.013245033, 0.0, 0.0, 0.0, 0.01986755, 0.0, 0.0, 0.0, 0.0, 0.0066225166, 0.0, 0.0, 0.0, 0.0066225166, 0.0, 0.0, 0.0, 0.0, 0.0, 0.0, 0.0, 0.0, 0.0, 0.0, 0.0, 0.0, 0.0, 0.0, 0.0, 0.0, 0.0, 0.0, 0.0, 0.0066225166, 0.0066225166, 0.0, 0.0, 0.0066225166, 0.0, 0.0, 0.0, 0.0066225166, 0.0, 0.0, 0.0066225166, 0.0066225166, 0.0, 0.0, 0.0, 0.0, 0.0, 0.0, 0.0, 0.0, 0.0, 0.0, 0.0066225166, 0.0, 0.0, 0.0, 0.0, 0.0, 0.0, 0.0, 0.0, 0.0, 0.0, 0.013245033, 0.0, 0.0066225166, 0.0066225166, 0.0, 0.0, 0.0, 0.0, 0.013245033, 0.0, 0.0066225166, 0.0, 0.0, 0.0066225166, 0.0, 0.0, 0.0, 0.0, 0.0066225166, 0.0066225166, 0.0, 0.0, 0.0, 0.0066225166, 0.0, 0.0, 0.0, 0.0, 0.0, 0.0, 0.0066225166, 0.0066225166, 0.0, 0.0, 0.0066225166, 0.0066225166, 0.0, 0.0, 0.0, 0.0, 0.013245033, 0.0, 0.0, 0.0, 0.0066225166, 0.0, 0.0, 0.0, 0.0, 0.0, 0.0, 0.0, 0.0, 0.0, 0.013245033, 0.0, 0.0, 0.0, 0.0, 0.013245033, 0.0, 0.0, 0.0, 0.0, 0.0, 0.013245033, 0.0, 0.0, 0.0, 0.0, 0.0, 0.0, 0.0, 0.0, 0.0066225166, 0.0066225166, 0.0, 0.0066225166, 0.0, 0.0, 0.0, 0.0066225166, 0.0, 0.0, 0.0, 0.0066225166, 0.0, 0.0066225166, 0.0, 0.0, 0.0, 0.0, 0.0, 0.0066225166, 0.01986755, 0.0, 0.0, 0.0066225166, 0.0066225166, 0.0, 0.0, 0.0, 0.0066225166, 0.013245033, 0.0, 0.0, 0.0, 0.0, 0.0, 0.0066225166, 0.0066225166, 0.0, 0.0, 0.0, 0.0066225166, 0.0, 0.0066225166, 0.0, 0.0066225166, 0.0, 0.0, 0.013245033, 0.0, 0.0, 0.0066225166, 0.0066225166, 0.0066225166, 0.0, 0.0, 0.0, 0.0, 0.0, 0.0066225166, 0.0, 0.0, 0.0, 0.0, 0.0, 0.0, 0.0, 0.0, 0.0066225166, 0.0, 0.0066225166, 0.0, 0.0, 0.0, 0.0, 0.0, 0.0, 0.0, 0.0066225166, 0.0, 0.0, 0.0, 0.0, 0.0, 0.0, 0.01986755, 0.0066225166, 0.0, 0.0, 0.0, 0.0, 0.0, 0.0, 0.0, 0.0, 0.01986755, 0.0, 0.0, 0.0, 0.0, 0.0, 0.0, 0.0, 0.0, 0.0, 0.013245033, 0.0, 0.0, 0.0, 0.0, 0.0, 0.0, 0.0, 0.0, 0.013245033, 0.0, 0.0, 0.0, 0.0, 0.0, 0.0, 0.0, 0.0, 0.0, 0.0066225166, 0.0, 0.0, 0.0, 0.0, 0.0066225166, 0.0, 0.0, 0.0, 0.0066225166, 0.0066225166, 0.0, 0.0, 0.0, 0.0, 0.0066225166, 0.0066225166, 0.0, 0.0, 0.0, 0.0, 0.0, 0.0, 0.0066225166, 0.0066225166, 0.0, 0.0, 0.0, 0.0, 0.0066225166, 0.0066225166, 0.0, 0.013245033, 0.0397351, 0.0066225166, 0.0, 0.0, 0.0, 0.0, 0.0, 0.0, 0.0066225166, 0.0066225166, 0.0, 0.0, 0.0066225166, 0.0, 0.0, 0.0, 0.0, 0.0, 0.0066225166, 0.0, 0.0066225166, 0.0, 0.01986755, 0.0, 0.0, 0.0066225166, 0.0066225166, 0.0066225166, 0.0, 0.0, 0.0, 0.0, 0.01986755, 0.0 ]
--Histogram size : 400
Predicting test image : lotr as lotr
file:/C:/Users/ac010168/workspaces/umkc/Lab5Images/data/test/lotr/lotr_00639.jpeg
Generating Histogram for image : C:/Users/ac010168/workspaces/umkc/Lab5Images/data/test/lotr/lotr_00639.jpeg
400 5
Histogram size : (400, 1)
Histogram : [ 0.020408163, 0.0051020407, 0.0, 0.0051020407, 0.0, 0.0051020407, 0.0, 0.0, 0.0, 0.0, 0.010204081, 0.0, 0.0051020407, 0.010204081, 0.010204081, 0.0, 0.0051020407, 0.0, 0.0051020407, 0.0051020407, 0.0, 0.0, 0.010204081, 0.0051020407, 0.0, 0.0, 0.0, 0.0051020407, 0.0, 0.0, 0.0051020407, 0.0051020407, 0.0, 0.010204081, 0.0, 0.0, 0.010204081, 0.0, 0.0, 0.0, 0.0051020407, 0.0, 0.0051020407, 0.0, 0.0051020407, 0.0, 0.0, 0.0, 0.0051020407, 0.0051020407, 0.0, 0.0, 0.0, 0.0, 0.0051020407, 0.0, 0.0, 0.0, 0.0, 0.015306123, 0.0, 0.0051020407, 0.0051020407, 0.010204081, 0.015306123, 0.0, 0.0, 0.0, 0.0051020407, 0.0, 0.0, 0.0, 0.0, 0.010204081, 0.0, 0.0, 0.0, 0.0, 0.010204081, 0.0, 0.0, 0.0051020407, 0.0, 0.0, 0.0, 0.0051020407, 0.0051020407, 0.0, 0.010204081, 0.0, 0.0, 0.010204081, 0.010204081, 0.0, 0.0051020407, 0.0, 0.0, 0.0051020407, 0.0, 0.010204081, 0.010204081, 0.0051020407, 0.0, 0.0051020407, 0.0, 0.0051020407, 0.0, 0.0, 0.0, 0.0, 0.0, 0.0, 0.0, 0.0, 0.015306123, 0.0051020407, 0.0, 0.0, 0.0, 0.015306123, 0.0, 0.0, 0.0, 0.0, 0.0, 0.0051020407, 0.0051020407, 0.0051020407, 0.0, 0.0, 0.0, 0.0, 0.0, 0.0051020407, 0.010204081, 0.0, 0.0051020407, 0.0, 0.0, 0.0, 0.0, 0.0051020407, 0.0, 0.0, 0.020408163, 0.0051020407, 0.0, 0.0051020407, 0.0051020407, 0.0051020407, 0.0, 0.0, 0.0, 0.0051020407, 0.010204081, 0.0051020407, 0.0, 0.0, 0.0051020407, 0.010204081, 0.0, 0.0, 0.0051020407, 0.0, 0.0, 0.0, 0.0051020407, 0.0, 0.0051020407, 0.0, 0.0, 0.0051020407, 0.0, 0.0, 0.0, 0.0, 0.0051020407, 0.0, 0.0, 0.0, 0.0, 0.0, 0.0, 0.0051020407, 0.0, 0.0, 0.0, 0.0, 0.0051020407, 0.0051020407, 0.0, 0.0, 0.0, 0.0051020407, 0.0, 0.0, 0.0, 0.0051020407, 0.0, 0.0, 0.0, 0.0051020407, 0.0051020407, 0.0051020407, 0.0, 0.0, 0.0, 0.0, 0.0, 0.0, 0.0, 0.0, 0.0, 0.0, 0.0, 0.0, 0.0051020407, 0.0, 0.0, 0.0, 0.0, 0.0051020407, 0.0, 0.0, 0.0, 0.010204081, 0.010204081, 0.0, 0.0, 0.0, 0.0, 0.0, 0.0, 0.0, 0.0, 0.0, 0.0051020407, 0.0, 0.0051020407, 0.0, 0.0, 0.0, 0.0, 0.0, 0.0, 0.0, 0.0051020407, 0.0, 0.010204081, 0.0, 0.0051020407, 0.0051020407, 0.0, 0.0, 0.0, 0.0, 0.0, 0.0, 0.0, 0.0, 0.0, 0.0, 0.0, 0.0, 0.0, 0.015306123, 0.0051020407, 0.0051020407, 0.010204081, 0.0, 0.0051020407, 0.0, 0.0, 0.0, 0.0, 0.0, 0.015306123, 0.0, 0.0051020407, 0.0, 0.0, 0.0, 0.015306123, 0.0, 0.0051020407, 0.0051020407, 0.0, 0.0, 0.0, 0.0, 0.0, 0.0, 0.0, 0.0, 0.0051020407, 0.0051020407, 0.0, 0.0, 0.0051020407, 0.0, 0.0, 0.0, 0.020408163, 0.0, 0.010204081, 0.0051020407, 0.0, 0.0051020407, 0.0, 0.0, 0.0, 0.0051020407, 0.0, 0.0, 0.0, 0.010204081, 0.0, 0.0, 0.0, 0.0051020407, 0.0, 0.0, 0.0, 0.010204081, 0.0, 0.0, 0.0, 0.0, 0.0, 0.0, 0.0, 0.0, 0.0, 0.0, 0.0, 0.010204081, 0.010204081, 0.0, 0.0, 0.0, 0.0, 0.0, 0.0051020407, 0.0, 0.0051020407, 0.0, 0.0051020407, 0.0, 0.0051020407, 0.0051020407, 0.0, 0.0051020407, 0.0, 0.0051020407, 0.0, 0.0, 0.0, 0.0, 0.0, 0.015306123, 0.0, 0.0, 0.0051020407, 0.0051020407, 0.0051020407, 0.015306123, 0.0051020407, 0.015306123, 0.0, 0.0051020407, 0.0, 0.0, 0.0, 0.0051020407, 0.0051020407, 0.0, 0.0051020407, 0.0, 0.0051020407, 0.0, 0.0, 0.0051020407, 0.0, 0.0, 0.0, 0.0051020407, 0.0051020407, 0.010204081, 0.0051020407, 0.0051020407, 0.0, 0.0, 0.010204081, 0.0, 0.0, 0.0, 0.0051020407, 0.0051020407, 0.0, 0.0 ]
--Histogram size : 400
Predicting test image : lotr as lotr
file:/C:/Users/ac010168/workspaces/umkc/Lab5Images/data/test/shelf/shelf_00143.jpeg
Generating Histogram for image : C:/Users/ac010168/workspaces/umkc/Lab5Images/data/test/shelf/shelf_00143.jpeg
400 5
Histogram size : (400, 1)
Histogram : [ 0.00203666, 0.00610998, 0.0, 0.00101833, 0.00101833, 0.00407332, 0.00203666, 0.00305499, 0.00203666, 0.00407332, 0.0, 0.0, 0.00203666, 0.00509165, 0.00305499, 0.00101833, 0.00101833, 0.00101833, 0.00101833, 0.00610998, 0.00509165, 0.0, 0.00203666, 0.00305499, 0.00203666, 0.00101833, 0.0, 0.00305499, 0.00101833, 0.01221996, 0.00101833, 0.00407332, 0.00509165, 0.00509165, 0.00509165, 0.00814664, 0.00203666, 0.00407332, 0.00101833, 0.0, 0.00203666, 0.00407332, 0.00407332, 0.00101833, 0.00203666, 0.00203666, 0.00203666, 0.00509165, 0.00101833, 0.00101833, 0.00305499, 0.00101833, 0.00101833, 0.00203666, 0.0, 0.0, 0.00305499, 0.00610998, 0.00407332, 0.00610998, 0.00101833, 0.00203666, 0.0, 0.00305499, 0.00509165, 0.00203666, 0.0101833, 0.00203666, 0.0, 0.00610998, 0.00305499, 0.0, 0.00305499, 0.00203666, 0.00203666, 0.00101833, 0.00305499, 0.00101833, 0.00610998, 0.00407332, 0.0, 0.00305499, 0.00101833, 0.00305499, 0.00916497, 0.0, 0.00305499, 0.00305499, 0.00407332, 0.00203666, 0.00610998, 0.00509165, 0.00101833, 0.00203666, 0.00407332, 0.0, 0.0, 0.0, 0.00203666, 0.0, 0.00407332, 0.00101833, 0.00305499, 0.00509165, 0.00407332, 0.00101833, 0.00101833, 0.00814664, 0.0, 0.00203666, 0.00101833, 0.00610998, 0.00101833, 0.0, 0.00203666, 0.00407332, 0.00203666, 0.00305499, 0.00712831, 0.00203666, 0.00101833, 0.00101833, 0.00101833, 0.00305499, 0.00407332, 0.00101833, 0.00305499, 0.00101833, 0.00203666, 0.0, 0.00203666, 0.00101833, 0.00203666, 0.00203666, 0.0, 0.00101833, 0.00407332, 0.00610998, 0.00305499, 0.00509165, 0.00101833, 0.00509165, 0.0, 0.00101833, 0.00101833, 0.00203666, 0.00509165, 0.00203666, 0.00407332, 0.00101833, 0.00712831, 0.00203666, 0.0, 0.0, 0.00101833, 0.00610998, 0.00509165, 0.00203666, 0.00203666, 0.00407332, 0.00509165, 0.00101833, 0.0, 0.00101833, 0.00610998, 0.00407332, 0.00407332, 0.0, 0.00203666, 0.00101833, 0.0, 0.00305499, 0.00407332, 0.00101833, 0.00101833, 0.00101833, 0.0, 0.00203666, 0.00101833, 0.00101833, 0.00407332, 0.0, 0.00101833, 0.00101833, 0.00101833, 0.00203666, 0.00509165, 0.00305499, 0.00407332, 0.00305499, 0.00610998, 0.00101833, 0.00407332, 0.015274949, 0.00305499, 0.0, 0.00203666, 0.0, 0.00101833, 0.00305499, 0.00305499, 0.00203666, 0.00712831, 0.00101833, 0.0, 0.00101833, 0.00305499, 0.0, 0.00203666, 0.00407332, 0.00407332, 0.0, 0.00610998, 0.00203666, 0.00101833, 0.00203666, 0.00305499, 0.0, 0.00101833, 0.00101833, 0.00407332, 0.00305499, 0.00101833, 0.0, 0.00203666, 0.00305499, 0.00916497, 0.00203666, 0.00305499, 0.00407332, 0.00101833, 0.00305499, 0.00509165, 0.00101833, 0.00305499, 0.00610998, 0.00101833, 0.00203666, 0.00203666, 0.00101833, 0.00203666, 0.00305499, 0.00509165, 0.00814664, 0.00101833, 0.00407332, 0.00203666, 0.00203666, 0.00101833, 0.00101833, 0.0, 0.00203666, 0.00407332, 0.00101833, 0.00305499, 0.00305499, 0.0, 0.00101833, 0.00305499, 0.00916497, 0.00101833, 0.00407332, 0.00101833, 0.00203666, 0.0, 0.00203666, 0.00305499, 0.00203666, 0.00305499, 0.00305499, 0.00203666, 0.00305499, 0.00203666, 0.00101833, 0.00203666, 0.0, 0.0, 0.00305499, 0.00203666, 0.00610998, 0.00203666, 0.00101833, 0.00916497, 0.00305499, 0.00101833, 0.00305499, 0.00305499, 0.00305499, 0.00203666, 0.00203666, 0.00509165, 0.00101833, 0.00101833, 0.00509165, 0.0, 0.0, 0.00407332, 0.00203666, 0.00101833, 0.00101833, 0.00509165, 0.00407332, 0.00101833, 0.00407332, 0.00509165, 0.00305499, 0.00305499, 0.0, 0.00509165, 0.00203666, 0.00407332, 0.0, 0.00203666, 0.00203666, 0.00305499, 0.00101833, 0.00101833, 0.00101833, 0.00101833, 0.00101833, 0.0, 0.00203666, 0.00101833, 0.00203666, 0.0, 0.0, 0.00203666, 0.00203666, 0.00203666, 0.00407332, 0.00610998, 0.0, 0.0, 0.00101833, 0.0, 0.00203666, 0.00203666, 0.00407332, 0.00305499, 0.0, 0.0, 0.00509165, 0.00407332, 0.00407332, 0.00305499, 0.00305499, 0.00203666, 0.0, 0.00305499, 0.00407332, 0.00305499, 0.00203666, 0.00101833, 0.00610998, 0.00203666, 0.0, 0.00101833, 0.00203666, 0.00101833, 0.0, 0.00101833, 0.00101833, 0.00101833, 0.00305499, 0.00101833, 0.00101833, 0.00305499, 0.0, 0.0, 0.00407332, 0.0, 0.00203666, 0.00509165, 0.00407332, 0.00509165, 0.00509165, 0.00203666, 0.00203666, 0.00101833, 0.00407332, 0.00203666, 0.00509165, 0.0, 0.00305499, 0.00916497, 0.00305499, 0.00101833, 0.00610998, 0.00305499, 0.00203666, 0.00305499, 0.00101833, 0.00407332, 0.00101833, 0.00203666, 0.00407332, 0.00203666, 0.0, 0.00203666, 0.00101833 ]
--Histogram size : 400
Predicting test image : shelf as shelf
file:/C:/Users/ac010168/workspaces/umkc/Lab5Images/data/test/shelf/shelf_00620.jpeg
Generating Histogram for image : C:/Users/ac010168/workspaces/umkc/Lab5Images/data/test/shelf/shelf_00620.jpeg
400 5
Histogram size : (400, 1)
Histogram : [ 0.0021141649, 0.006342495, 0.0021141649, 0.0010570824, 0.0, 0.0021141649, 0.0021141649, 0.0031712474, 0.0021141649, 0.005285412, 0.0, 0.0, 0.0021141649, 0.0031712474, 0.0042283298, 0.0021141649, 0.0021141649, 0.0, 0.0084566595, 0.0031712474, 0.0042283298, 0.0010570824, 0.0010570824, 0.0042283298, 0.0, 0.0031712474, 0.0, 0.0031712474, 0.0010570824, 0.005285412, 0.0, 0.0042283298, 0.007399577, 0.005285412, 0.0042283298, 0.01268499, 0.0021141649, 0.0031712474, 0.0031712474, 0.0, 0.0042283298, 0.0010570824, 0.005285412, 0.0, 0.0, 0.0010570824, 0.0021141649, 0.005285412, 0.0010570824, 0.0042283298, 0.009513742, 0.0021141649, 0.0, 0.0042283298, 0.0010570824, 0.0042283298, 0.006342495, 0.0042283298, 0.0021141649, 0.007399577, 0.0021141649, 0.0021141649, 0.0021141649, 0.0010570824, 0.0042283298, 0.0021141649, 0.0042283298, 0.0, 0.0, 0.005285412, 0.0031712474, 0.0021141649, 0.006342495, 0.0021141649, 0.0010570824, 0.0021141649, 0.0, 0.0010570824, 0.0084566595, 0.0021141649, 0.0010570824, 0.005285412, 0.0031712474, 0.0021141649, 0.0042283298, 0.0, 0.0010570824, 0.0021141649, 0.0042283298, 0.0010570824, 0.0021141649, 0.0031712474, 0.0010570824, 0.0, 0.0021141649, 0.0010570824, 0.0010570824, 0.0010570824, 0.0031712474, 0.0042283298, 0.0010570824, 0.0, 0.0031712474, 0.0010570824, 0.005285412, 0.0010570824, 0.0042283298, 0.006342495, 0.0010570824, 0.0, 0.0, 0.0031712474, 0.005285412, 0.0, 0.0010570824, 0.0042283298, 0.0010570824, 0.0021141649, 0.007399577, 0.0, 0.0031712474, 0.0031712474, 0.0042283298, 0.0010570824, 0.0010570824, 0.005285412, 0.0010570824, 0.0031712474, 0.0, 0.0, 0.0, 0.0031712474, 0.0021141649, 0.0031712474, 0.0, 0.0021141649, 0.0021141649, 0.0031712474, 0.0031712474, 0.007399577, 0.0010570824, 0.006342495, 0.0021141649, 0.0010570824, 0.0, 0.0, 0.0010570824, 0.0031712474, 0.0042283298, 0.0021141649, 0.0042283298, 0.0010570824, 0.0, 0.0, 0.0010570824, 0.0042283298, 0.005285412, 0.0042283298, 0.0, 0.0010570824, 0.0, 0.0010570824, 0.0, 0.005285412, 0.0031712474, 0.0042283298, 0.0042283298, 0.0010570824, 0.0010570824, 0.0010570824, 0.0010570824, 0.0010570824, 0.0021141649, 0.0021141649, 0.0021141649, 0.0031712474, 0.0010570824, 0.0042283298, 0.0021141649, 0.0, 0.006342495, 0.0031712474, 0.0010570824, 0.0031712474, 0.0010570824, 0.0, 0.0084566595, 0.0021141649, 0.006342495, 0.0031712474, 0.0031712474, 0.0, 0.0021141649, 0.007399577, 0.0031712474, 0.0, 0.0010570824, 0.0021141649, 0.0021141649, 0.006342495, 0.0021141649, 0.0021141649, 0.0042283298, 0.0010570824, 0.0010570824, 0.0021141649, 0.0, 0.0, 0.0010570824, 0.0, 0.0010570824, 0.0021141649, 0.0042283298, 0.0021141649, 0.0010570824, 0.0021141649, 0.0021141649, 0.0010570824, 0.0031712474, 0.0, 0.0021141649, 0.0021141649, 0.0, 0.0010570824, 0.0010570824, 0.006342495, 0.0021141649, 0.0010570824, 0.0021141649, 0.0, 0.0021141649, 0.0010570824, 0.0031712474, 0.0010570824, 0.0084566595, 0.0021141649, 0.006342495, 0.0031712474, 0.0010570824, 0.0, 0.005285412, 0.0031712474, 0.006342495, 0.009513742, 0.0042283298, 0.0010570824, 0.0031712474, 0.0042283298, 0.0, 0.0010570824, 0.0031712474, 0.006342495, 0.0031712474, 0.0021141649, 0.005285412, 0.0010570824, 0.0010570824, 0.005285412, 0.0021141649, 0.0084566595, 0.0, 0.0, 0.0, 0.0042283298, 0.0010570824, 0.0021141649, 0.0031712474, 0.0031712474, 0.0021141649, 0.0031712474, 0.0042283298, 0.006342495, 0.0031712474, 0.0010570824, 0.0021141649, 0.0010570824, 0.0, 0.0021141649, 0.0010570824, 0.0031712474, 0.0021141649, 0.0010570824, 0.006342495, 0.0010570824, 0.0021141649, 0.0021141649, 0.0021141649, 0.0031712474, 0.0021141649, 0.0010570824, 0.0, 0.0021141649, 0.0010570824, 0.0031712474, 0.0042283298, 0.0010570824, 0.0042283298, 0.0010570824, 0.0010570824, 0.0010570824, 0.006342495, 0.005285412, 0.0042283298, 0.0010570824, 0.0031712474, 0.0021141649, 0.005285412, 0.0, 0.005285412, 0.0021141649, 0.0021141649, 0.0, 0.0021141649, 0.0021141649, 0.0010570824, 0.0010570824, 0.0031712474, 0.0021141649, 0.0, 0.0, 0.0042283298, 0.006342495, 0.0042283298, 0.0010570824, 0.0021141649, 0.0, 0.0010570824, 0.0010570824, 0.0021141649, 0.0021141649, 0.009513742, 0.0, 0.0010570824, 0.0031712474, 0.0010570824, 0.0042283298, 0.0010570824, 0.0042283298, 0.0021141649, 0.0021141649, 0.0, 0.0031712474, 0.0031712474, 0.005285412, 0.0031712474, 0.0021141649, 0.0042283298, 0.0, 0.0042283298, 0.0031712474, 0.0, 0.0010570824, 0.0010570824, 0.0031712474, 0.0031712474, 0.0, 0.0, 0.0021141649, 0.0042283298, 0.0042283298, 0.0, 0.0, 0.0021141649, 0.0021141649, 0.0021141649, 0.0031712474, 0.005285412, 0.0, 0.0010570824, 0.0042283298, 0.0, 0.0010570824, 0.0042283298, 0.006342495, 0.0021141649, 0.0021141649, 0.0031712474, 0.0010570824, 0.0021141649, 0.0031712474, 0.0010570824, 0.0042283298, 0.0010570824, 0.0031712474, 0.0021141649, 0.0031712474, 0.0, 0.0042283298, 0.0031712474, 0.0042283298, 0.0010570824, 0.0021141649, 0.0021141649, 0.0031712474, 0.0010570824, 0.0042283298, 0.0031712474, 0.0, 0.0, 0.0021141649 ]
--Histogram size : 400
Predicting test image : shelf as shelf
file:/C:/Users/ac010168/workspaces/umkc/Lab5Images/data/test/starwars/sw_00035.jpeg
Generating Histogram for image : C:/Users/ac010168/workspaces/umkc/Lab5Images/data/test/starwars/sw_00035.jpeg
400 5
Histogram size : (400, 1)
Histogram : [ 0.0, 0.0, 0.0, 0.0, 0.007874016, 0.0, 0.0, 0.0, 0.0, 0.0, 0.007874016, 0.0, 0.0, 0.007874016, 0.0, 0.007874016, 0.0, 0.0, 0.0, 0.0, 0.0, 0.0, 0.0, 0.0, 0.0, 0.015748031, 0.0, 0.007874016, 0.015748031, 0.0, 0.0, 0.007874016, 0.015748031, 0.015748031, 0.015748031, 0.03937008, 0.0, 0.0, 0.007874016, 0.0, 0.007874016, 0.0, 0.0, 0.0, 0.0, 0.007874016, 0.0, 0.0, 0.0, 0.0, 0.0, 0.0, 0.0, 0.0, 0.007874016, 0.0, 0.0, 0.0, 0.007874016, 0.0, 0.0, 0.0, 0.0, 0.007874016, 0.0, 0.0, 0.0, 0.007874016, 0.0, 0.0, 0.0, 0.0, 0.007874016, 0.0, 0.0, 0.0, 0.0, 0.015748031, 0.007874016, 0.0, 0.0, 0.0, 0.0, 0.007874016, 0.0, 0.015748031, 0.007874016, 0.007874016, 0.0, 0.0, 0.0, 0.0, 0.0, 0.0, 0.0, 0.0, 0.0, 0.0, 0.0, 0.0, 0.0, 0.0, 0.0, 0.0, 0.0, 0.0, 0.0, 0.0, 0.007874016, 0.0, 0.0, 0.0, 0.0, 0.0, 0.0, 0.0, 0.0, 0.0, 0.0, 0.0, 0.0, 0.0, 0.0, 0.0, 0.0, 0.0, 0.0, 0.0, 0.023622047, 0.0, 0.007874016, 0.0, 0.0, 0.015748031, 0.023622047, 0.0, 0.007874016, 0.0, 0.0, 0.0, 0.015748031, 0.0, 0.0, 0.0, 0.0, 0.007874016, 0.0, 0.007874016, 0.0, 0.0, 0.0, 0.0, 0.0, 0.0, 0.007874016, 0.0, 0.0, 0.0, 0.0, 0.015748031, 0.0, 0.0, 0.0, 0.0, 0.007874016, 0.015748031, 0.0, 0.0, 0.0, 0.007874016, 0.0, 0.0, 0.0, 0.0, 0.0, 0.007874016, 0.0, 0.0, 0.0, 0.0, 0.0, 0.0, 0.0, 0.0, 0.0, 0.0, 0.015748031, 0.0, 0.0, 0.0, 0.0, 0.0, 0.015748031, 0.0, 0.0, 0.0, 0.015748031, 0.0, 0.0, 0.007874016, 0.0, 0.0, 0.0, 0.0, 0.0, 0.0, 0.0, 0.0, 0.0, 0.0, 0.0, 0.0, 0.0, 0.007874016, 0.0, 0.0, 0.0, 0.0, 0.0, 0.0, 0.0, 0.0, 0.0, 0.0, 0.0, 0.0, 0.007874016, 0.007874016, 0.007874016, 0.0, 0.0, 0.0, 0.0, 0.0, 0.0, 0.0, 0.007874016, 0.0, 0.0, 0.0, 0.007874016, 0.0, 0.0, 0.007874016, 0.007874016, 0.0, 0.0, 0.0, 0.023622047, 0.0, 0.0, 0.0, 0.0, 0.0, 0.0, 0.007874016, 0.0, 0.0, 0.007874016, 0.0, 0.0, 0.0, 0.0, 0.0, 0.0, 0.0, 0.0, 0.007874016, 0.007874016, 0.007874016, 0.0, 0.0, 0.0, 0.007874016, 0.023622047, 0.0, 0.007874016, 0.0, 0.0, 0.007874016, 0.0, 0.0, 0.007874016, 0.0, 0.0, 0.0, 0.0, 0.007874016, 0.0, 0.0, 0.0, 0.0, 0.0, 0.015748031, 0.015748031, 0.007874016, 0.007874016, 0.0, 0.007874016, 0.007874016, 0.0, 0.0, 0.007874016, 0.0, 0.0, 0.015748031, 0.0, 0.0, 0.0, 0.0, 0.0, 0.0, 0.0, 0.0, 0.0, 0.0, 0.0, 0.0, 0.0, 0.007874016, 0.0, 0.0, 0.0, 0.0, 0.0, 0.0, 0.0, 0.023622047, 0.0, 0.0, 0.0, 0.0, 0.0, 0.0, 0.0, 0.0, 0.0, 0.0, 0.0, 0.0, 0.007874016, 0.0, 0.0, 0.0, 0.0, 0.0, 0.0, 0.023622047, 0.007874016, 0.0, 0.0, 0.007874016, 0.0, 0.0, 0.0, 0.0, 0.0, 0.007874016, 0.0, 0.0, 0.007874016, 0.0, 0.0, 0.007874016, 0.0, 0.007874016, 0.0, 0.015748031, 0.0, 0.015748031, 0.0, 0.0, 0.0, 0.0, 0.007874016, 0.0, 0.0, 0.0, 0.0, 0.0, 0.0, 0.0, 0.0, 0.007874016, 0.007874016, 0.0, 0.0, 0.0, 0.0, 0.0, 0.007874016, 0.0, 0.023622047, 0.0, 0.0, 0.0, 0.0, 0.0, 0.0, 0.0 ]
--Histogram size : 400
Predicting test image : starwars as starwars
file:/C:/Users/ac010168/workspaces/umkc/Lab5Images/data/test/starwars/sw_00303.jpeg
Generating Histogram for image : C:/Users/ac010168/workspaces/umkc/Lab5Images/data/test/starwars/sw_00303.jpeg
400 5
Histogram size : (400, 1)
Histogram : [ 0.0, 0.0, 0.0, 0.0051282053, 0.0, 0.0, 0.0, 0.0, 0.0, 0.0, 0.010256411, 0.0, 0.0, 0.0051282053, 0.0, 0.0051282053, 0.0, 0.0, 0.0, 0.0, 0.0, 0.0, 0.0, 0.0, 0.0051282053, 0.0, 0.0, 0.0, 0.015384616, 0.0, 0.0051282053, 0.0051282053, 0.010256411, 0.020512821, 0.0051282053, 0.015384616, 0.0051282053, 0.0, 0.010256411, 0.0, 0.0051282053, 0.0051282053, 0.0, 0.0, 0.015384616, 0.0051282053, 0.0051282053, 0.0, 0.0, 0.0, 0.0051282053, 0.0, 0.0, 0.0051282053, 0.0051282053, 0.0, 0.0, 0.0, 0.0, 0.0, 0.0, 0.0, 0.0, 0.0, 0.0051282053, 0.0, 0.0, 0.0, 0.0, 0.0, 0.0, 0.0, 0.0051282053, 0.0, 0.010256411, 0.0, 0.0, 0.010256411, 0.010256411, 0.0, 0.0051282053, 0.0, 0.0, 0.0051282053, 0.0, 0.010256411, 0.0, 0.015384616, 0.0, 0.0, 0.010256411, 0.010256411, 0.0, 0.0, 0.0, 0.0, 0.0, 0.0, 0.0, 0.0, 0.0, 0.0051282053, 0.0, 0.0051282053, 0.0, 0.0051282053, 0.0051282053, 0.0, 0.0, 0.0, 0.0, 0.0, 0.0, 0.0051282053, 0.0, 0.0, 0.0, 0.0, 0.0, 0.0, 0.0051282053, 0.0051282053, 0.0, 0.0, 0.0, 0.0051282053, 0.0, 0.0, 0.015384616, 0.0, 0.0, 0.0, 0.0, 0.0, 0.010256411, 0.0, 0.0051282053, 0.0, 0.0, 0.0, 0.0, 0.0051282053, 0.0, 0.0, 0.015384616, 0.0, 0.0, 0.0, 0.0051282053, 0.0, 0.0, 0.0, 0.0051282053, 0.010256411, 0.0, 0.0, 0.0, 0.0051282053, 0.0, 0.015384616, 0.0, 0.0051282053, 0.010256411, 0.0, 0.0051282053, 0.0051282053, 0.0051282053, 0.0, 0.0, 0.015384616, 0.0, 0.0, 0.0, 0.0051282053, 0.0, 0.0051282053, 0.0051282053, 0.0051282053, 0.0, 0.010256411, 0.0051282053, 0.0, 0.0, 0.0, 0.0, 0.0, 0.010256411, 0.0, 0.0, 0.0, 0.0, 0.0, 0.0051282053, 0.0051282053, 0.0, 0.0, 0.0, 0.0, 0.0, 0.0, 0.0051282053, 0.0, 0.0, 0.0, 0.0051282053, 0.0, 0.0, 0.0, 0.0, 0.0, 0.015384616, 0.0, 0.0051282053, 0.0, 0.0, 0.0, 0.0, 0.0, 0.0, 0.0, 0.0, 0.0051282053, 0.0051282053, 0.0, 0.0051282053, 0.0, 0.010256411, 0.010256411, 0.0051282053, 0.0, 0.010256411, 0.0051282053, 0.0, 0.010256411, 0.0, 0.0051282053, 0.0, 0.0, 0.0, 0.0051282053, 0.0, 0.0, 0.0, 0.0051282053, 0.0051282053, 0.0, 0.0, 0.0, 0.010256411, 0.0051282053, 0.0, 0.0, 0.0, 0.0, 0.0, 0.0051282053, 0.0, 0.0, 0.0, 0.0051282053, 0.0, 0.0, 0.0, 0.010256411, 0.0, 0.015384616, 0.0, 0.0, 0.0, 0.0, 0.0, 0.0, 0.0, 0.0, 0.010256411, 0.0051282053, 0.0, 0.0, 0.0, 0.0051282053, 0.0051282053, 0.0, 0.0051282053, 0.0, 0.0051282053, 0.0, 0.0, 0.0051282053, 0.0051282053, 0.0, 0.0, 0.0, 0.0, 0.010256411, 0.0051282053, 0.0051282053, 0.0051282053, 0.0, 0.010256411, 0.0, 0.0, 0.0051282053, 0.0051282053, 0.0, 0.010256411, 0.010256411, 0.0, 0.0, 0.0, 0.0051282053, 0.0, 0.0, 0.0, 0.0051282053, 0.0, 0.0, 0.0, 0.0051282053, 0.0, 0.0051282053, 0.0, 0.0, 0.0051282053, 0.0, 0.0, 0.0, 0.0051282053, 0.010256411, 0.0, 0.0, 0.0, 0.0051282053, 0.0, 0.0, 0.0051282053, 0.0, 0.0, 0.0, 0.0051282053, 0.0051282053, 0.010256411, 0.0, 0.0, 0.0, 0.0, 0.0051282053, 0.0, 0.0051282053, 0.0, 0.0, 0.010256411, 0.0051282053, 0.0, 0.0051282053, 0.0, 0.0, 0.0, 0.010256411, 0.0051282053, 0.0, 0.0051282053, 0.0, 0.0, 0.0, 0.0051282053, 0.0, 0.0, 0.0051282053, 0.0, 0.015384616, 0.0, 0.0, 0.0, 0.0051282053, 0.0, 0.0, 0.0, 0.0051282053, 0.0, 0.0051282053, 0.0, 0.010256411, 0.0, 0.0, 0.0, 0.0, 0.0, 0.0, 0.0051282053, 0.0, 0.0051282053, 0.0051282053, 0.0051282053, 0.0051282053, 0.0, 0.0051282053, 0.0, 0.0, 0.0051282053, 0.0 ]
--Histogram size : 400
Predicting test image : starwars as starwars
file:/C:/Users/ac010168/workspaces/umkc/Lab5Images/data/test/starwars/sw_00604.jpeg
Generating Histogram for image : C:/Users/ac010168/workspaces/umkc/Lab5Images/data/test/starwars/sw_00604.jpeg
400 5
Histogram size : (400, 1)
Histogram : [ 0.0, 0.0, 0.0, 0.004385965, 0.013157895, 0.0, 0.0, 0.0, 0.0, 0.0, 0.00877193, 0.0, 0.0, 0.021929825, 0.0, 0.0, 0.004385965, 0.0, 0.0, 0.004385965, 0.004385965, 0.00877193, 0.00877193, 0.00877193, 0.0, 0.004385965, 0.0, 0.0, 0.0, 0.0, 0.004385965, 0.004385965, 0.0, 0.0, 0.0, 0.0, 0.0, 0.0, 0.0, 0.0, 0.0, 0.0, 0.0, 0.00877193, 0.004385965, 0.004385965, 0.004385965, 0.004385965, 0.004385965, 0.004385965, 0.0, 0.004385965, 0.0, 0.0, 0.00877193, 0.004385965, 0.0, 0.0, 0.0, 0.004385965, 0.004385965, 0.0, 0.0, 0.0, 0.0, 0.0, 0.0, 0.0, 0.004385965, 0.004385965, 0.0, 0.004385965, 0.0, 0.004385965, 0.004385965, 0.0, 0.0, 0.0, 0.004385965, 0.01754386, 0.0, 0.0, 0.0, 0.0, 0.004385965, 0.004385965, 0.0, 0.00877193, 0.0, 0.004385965, 0.004385965, 0.0, 0.0, 0.004385965, 0.004385965, 0.0, 0.0, 0.0, 0.013157895, 0.004385965, 0.0, 0.0, 0.004385965, 0.0, 0.0, 0.0, 0.02631579, 0.004385965, 0.0, 0.0, 0.0, 0.00877193, 0.0, 0.0, 0.0, 0.004385965, 0.0, 0.0, 0.0, 0.0, 0.004385965, 0.0, 0.0, 0.0, 0.013157895, 0.0, 0.0, 0.0, 0.004385965, 0.0, 0.0, 0.0, 0.0, 0.0, 0.004385965, 0.0, 0.013157895, 0.00877193, 0.0, 0.0, 0.004385965, 0.0, 0.004385965, 0.0, 0.0, 0.004385965, 0.0, 0.00877193, 0.00877193, 0.00877193, 0.004385965, 0.00877193, 0.0, 0.0, 0.0, 0.013157895, 0.0, 0.00877193, 0.004385965, 0.0, 0.0, 0.004385965, 0.0, 0.0, 0.004385965, 0.00877193, 0.00877193, 0.00877193, 0.00877193, 0.0, 0.004385965, 0.0, 0.0, 0.0, 0.00877193, 0.0, 0.004385965, 0.004385965, 0.0, 0.0, 0.0, 0.0, 0.0, 0.00877193, 0.0, 0.0, 0.004385965, 0.004385965, 0.004385965, 0.00877193, 0.0, 0.0, 0.0, 0.0, 0.0, 0.004385965, 0.0, 0.0, 0.0, 0.004385965, 0.0, 0.0, 0.0, 0.00877193, 0.0, 0.0, 0.0, 0.0, 0.0, 0.0, 0.004385965, 0.004385965, 0.004385965, 0.0, 0.0, 0.0, 0.004385965, 0.0, 0.004385965, 0.0, 0.0, 0.0, 0.004385965, 0.0, 0.0, 0.0, 0.0, 0.004385965, 0.0, 0.004385965, 0.0, 0.0, 0.0, 0.00877193, 0.004385965, 0.0, 0.0, 0.0, 0.0, 0.00877193, 0.0, 0.013157895, 0.0, 0.0, 0.004385965, 0.004385965, 0.0, 0.0, 0.00877193, 0.0, 0.0, 0.004385965, 0.0, 0.0, 0.004385965, 0.0, 0.0, 0.0, 0.0, 0.00877193, 0.004385965, 0.0, 0.013157895, 0.0, 0.0, 0.004385965, 0.004385965, 0.0, 0.0, 0.0, 0.004385965, 0.0, 0.004385965, 0.00877193, 0.004385965, 0.00877193, 0.0, 0.0, 0.0, 0.00877193, 0.004385965, 0.0, 0.0, 0.0, 0.0, 0.0, 0.0, 0.013157895, 0.004385965, 0.004385965, 0.00877193, 0.0, 0.004385965, 0.013157895, 0.00877193, 0.0, 0.004385965, 0.00877193, 0.0, 0.0, 0.004385965, 0.0, 0.01754386, 0.0, 0.004385965, 0.0, 0.0, 0.0, 0.004385965, 0.0, 0.00877193, 0.0, 0.004385965, 0.004385965, 0.0, 0.00877193, 0.0, 0.0, 0.0, 0.004385965, 0.0, 0.0, 0.0, 0.0, 0.0, 0.0, 0.004385965, 0.0, 0.0, 0.00877193, 0.0, 0.0, 0.004385965, 0.0, 0.0, 0.0, 0.0, 0.004385965, 0.004385965, 0.0, 0.0, 0.0, 0.00877193, 0.0, 0.0, 0.004385965, 0.0, 0.0, 0.0, 0.0, 0.004385965, 0.0, 0.0, 0.0, 0.0, 0.0, 0.0, 0.0, 0.00877193, 0.004385965, 0.004385965, 0.004385965, 0.004385965, 0.00877193, 0.0, 0.0, 0.004385965, 0.01754386, 0.0, 0.0, 0.0, 0.0, 0.004385965, 0.0, 0.0, 0.004385965, 0.0, 0.0, 0.004385965, 0.0, 0.0, 0.00877193, 0.0, 0.004385965, 0.004385965, 0.004385965, 0.0, 0.0, 0.0, 0.0, 0.0, 0.0, 0.0, 0.0, 0.0, 0.0, 0.00877193, 0.0, 0.0, 0.0 ]
--Histogram size : 400
Predicting test image : starwars as starwars
file:/C:/Users/ac010168/workspaces/umkc/Lab5Images/data/test/starwars/sw_00983.jpeg
Generating Histogram for image : C:/Users/ac010168/workspaces/umkc/Lab5Images/data/test/starwars/sw_00983.jpeg
400 5
Histogram size : (400, 1)
Histogram : [ 0.0, 0.009433962, 0.0, 0.0, 0.0, 0.0, 0.0, 0.0, 0.0, 0.004716981, 0.03301887, 0.0, 0.004716981, 0.018867925, 0.0, 0.0, 0.0, 0.0, 0.009433962, 0.0, 0.0, 0.0, 0.0, 0.004716981, 0.0, 0.009433962, 0.0, 0.004716981, 0.009433962, 0.0, 0.004716981, 0.004716981, 0.004716981, 0.014150944, 0.004716981, 0.004716981, 0.004716981, 0.0, 0.0, 0.0, 0.0, 0.0, 0.0, 0.0, 0.004716981, 0.0, 0.0, 0.0, 0.0, 0.0, 0.004716981, 0.0, 0.0, 0.004716981, 0.004716981, 0.009433962, 0.004716981, 0.0, 0.009433962, 0.004716981, 0.004716981, 0.004716981, 0.0, 0.0, 0.0, 0.0, 0.004716981, 0.0, 0.0, 0.0, 0.0, 0.004716981, 0.0, 0.004716981, 0.009433962, 0.0, 0.0, 0.0, 0.009433962, 0.0, 0.0, 0.0, 0.004716981, 0.004716981, 0.004716981, 0.014150944, 0.004716981, 0.004716981, 0.0, 0.004716981, 0.004716981, 0.009433962, 0.004716981, 0.0, 0.0, 0.004716981, 0.0, 0.0, 0.004716981, 0.004716981, 0.0, 0.0, 0.0, 0.0, 0.0, 0.0, 0.004716981, 0.0, 0.004716981, 0.0, 0.0, 0.0, 0.0, 0.0, 0.0, 0.004716981, 0.0, 0.0, 0.0, 0.0, 0.004716981, 0.004716981, 0.0, 0.004716981, 0.0, 0.0, 0.0, 0.0, 0.014150944, 0.0, 0.009433962, 0.0, 0.0, 0.009433962, 0.018867925, 0.0, 0.009433962, 0.0, 0.004716981, 0.0, 0.014150944, 0.0, 0.0, 0.0, 0.009433962, 0.0, 0.0, 0.0, 0.009433962, 0.0, 0.004716981, 0.009433962, 0.004716981, 0.0, 0.0, 0.0, 0.0, 0.0, 0.004716981, 0.009433962, 0.0, 0.0, 0.0, 0.0, 0.004716981, 0.009433962, 0.004716981, 0.0, 0.0, 0.0, 0.0, 0.0, 0.0, 0.0, 0.004716981, 0.0, 0.0, 0.0, 0.004716981, 0.0, 0.004716981, 0.0, 0.0, 0.0, 0.004716981, 0.0, 0.014150944, 0.0, 0.004716981, 0.0, 0.0, 0.0, 0.004716981, 0.0, 0.0, 0.0, 0.0, 0.004716981, 0.0, 0.009433962, 0.0, 0.0, 0.0, 0.0, 0.0, 0.0, 0.0, 0.0, 0.0, 0.0, 0.0, 0.0, 0.0, 0.0, 0.0, 0.004716981, 0.009433962, 0.004716981, 0.0, 0.0, 0.004716981, 0.0, 0.009433962, 0.0, 0.0, 0.004716981, 0.014150944, 0.0, 0.004716981, 0.004716981, 0.009433962, 0.004716981, 0.0, 0.009433962, 0.0, 0.0, 0.004716981, 0.0, 0.0, 0.0, 0.004716981, 0.004716981, 0.0, 0.0, 0.004716981, 0.004716981, 0.0, 0.0, 0.028301887, 0.004716981, 0.0, 0.0, 0.0, 0.004716981, 0.0, 0.004716981, 0.0, 0.0, 0.0, 0.004716981, 0.0, 0.0, 0.0, 0.004716981, 0.004716981, 0.004716981, 0.0, 0.0, 0.0, 0.0, 0.004716981, 0.0, 0.004716981, 0.0, 0.009433962, 0.0, 0.0, 0.0, 0.0, 0.004716981, 0.004716981, 0.0, 0.009433962, 0.0, 0.004716981, 0.0, 0.0, 0.004716981, 0.004716981, 0.0, 0.0, 0.0, 0.0, 0.009433962, 0.009433962, 0.009433962, 0.004716981, 0.0, 0.009433962, 0.018867925, 0.0, 0.009433962, 0.004716981, 0.004716981, 0.0, 0.004716981, 0.004716981, 0.0, 0.0, 0.0, 0.0, 0.0, 0.0, 0.004716981, 0.0, 0.0, 0.0, 0.0, 0.004716981, 0.004716981, 0.0, 0.0, 0.0, 0.0, 0.004716981, 0.0, 0.004716981, 0.004716981, 0.0, 0.0, 0.0, 0.0, 0.0, 0.0, 0.0, 0.004716981, 0.0, 0.0, 0.004716981, 0.0, 0.009433962, 0.0, 0.0, 0.0, 0.0, 0.0, 0.004716981, 0.0, 0.004716981, 0.0, 0.0, 0.0, 0.0, 0.0, 0.004716981, 0.004716981, 0.0, 0.009433962, 0.0, 0.004716981, 0.0, 0.0, 0.0, 0.0, 0.0, 0.0, 0.0, 0.004716981, 0.0, 0.0, 0.0, 0.0, 0.014150944, 0.0, 0.0, 0.0, 0.0, 0.0, 0.0, 0.0, 0.0, 0.004716981, 0.0, 0.0, 0.004716981, 0.0, 0.0, 0.0, 0.0, 0.0, 0.004716981, 0.0, 0.004716981, 0.0, 0.004716981, 0.004716981, 0.004716981, 0.0, 0.004716981, 0.0 ]
--Histogram size : 400
Predicting test image : starwars as starwars
file:/C:/Users/ac010168/workspaces/umkc/Lab5Images/data/test/table/table_00071.jpeg
Generating Histogram for image : C:/Users/ac010168/workspaces/umkc/Lab5Images/data/test/table/table_00071.jpeg
400 5
Histogram size : (400, 1)
Histogram : [ 0.008368201, 0.025104601, 0.0041841003, 0.0062761502, 0.0, 0.0041841003, 0.0020920502, 0.0062761502, 0.0, 0.0020920502, 0.0, 0.0, 0.0041841003, 0.0, 0.0041841003, 0.0062761502, 0.0062761502, 0.0, 0.0020920502, 0.0, 0.0020920502, 0.0020920502, 0.0, 0.0041841003, 0.0, 0.0020920502, 0.0, 0.0, 0.0, 0.014644351, 0.0020920502, 0.008368201, 0.0020920502, 0.0020920502, 0.0, 0.0125523005, 0.0, 0.0020920502, 0.0, 0.0062761502, 0.0, 0.0020920502, 0.0041841003, 0.0, 0.020920502, 0.0041841003, 0.0020920502, 0.0020920502, 0.0, 0.0020920502, 0.0, 0.0041841003, 0.0, 0.0, 0.0020920502, 0.0, 0.0020920502, 0.0, 0.0041841003, 0.0062761502, 0.0020920502, 0.0020920502, 0.0, 0.0041841003, 0.0, 0.0, 0.0, 0.0041841003, 0.0, 0.0041841003, 0.0020920502, 0.0, 0.0, 0.0062761502, 0.0020920502, 0.0, 0.0, 0.0020920502, 0.0, 0.0020920502, 0.0, 0.008368201, 0.0020920502, 0.0020920502, 0.0, 0.0, 0.023012552, 0.0, 0.0020920502, 0.0020920502, 0.0, 0.008368201, 0.0020920502, 0.0020920502, 0.0020920502, 0.0062761502, 0.0, 0.0020920502, 0.0020920502, 0.0020920502, 0.0020920502, 0.018828452, 0.0041841003, 0.0020920502, 0.0, 0.0, 0.0, 0.0, 0.0041841003, 0.0020920502, 0.0020920502, 0.0, 0.0, 0.0, 0.0062761502, 0.0, 0.0, 0.0020920502, 0.0020920502, 0.0, 0.0062761502, 0.0, 0.0020920502, 0.0020920502, 0.0020920502, 0.0041841003, 0.0, 0.0020920502, 0.0, 0.0062761502, 0.0020920502, 0.0, 0.0, 0.0020920502, 0.0041841003, 0.0, 0.0, 0.0, 0.0, 0.0, 0.0, 0.0041841003, 0.0020920502, 0.0062761502, 0.0020920502, 0.010460251, 0.0, 0.0041841003, 0.0020920502, 0.008368201, 0.0, 0.0020920502, 0.0, 0.0020920502, 0.0020920502, 0.0125523005, 0.0, 0.0, 0.0041841003, 0.0041841003, 0.0, 0.0020920502, 0.0041841003, 0.0, 0.0, 0.0041841003, 0.0041841003, 0.0, 0.0020920502, 0.0, 0.0, 0.0, 0.0020920502, 0.0041841003, 0.0041841003, 0.0020920502, 0.0020920502, 0.0062761502, 0.0041841003, 0.0041841003, 0.0, 0.0, 0.0, 0.0, 0.0020920502, 0.0020920502, 0.0, 0.0, 0.0062761502, 0.0, 0.0, 0.0125523005, 0.0041841003, 0.0020920502, 0.0020920502, 0.0020920502, 0.0, 0.0, 0.014644351, 0.0020920502, 0.0041841003, 0.0020920502, 0.0, 0.0020920502, 0.0, 0.0, 0.0, 0.0, 0.0020920502, 0.0, 0.0020920502, 0.0062761502, 0.0, 0.0041841003, 0.0020920502, 0.0062761502, 0.0, 0.0062761502, 0.0, 0.0, 0.0020920502, 0.0, 0.0020920502, 0.0041841003, 0.0020920502, 0.008368201, 0.010460251, 0.0, 0.0, 0.0041841003, 0.0, 0.0062761502, 0.0, 0.0020920502, 0.0, 0.0020920502, 0.0, 0.0, 0.0041841003, 0.010460251, 0.0, 0.0041841003, 0.0, 0.0020920502, 0.0062761502, 0.0020920502, 0.0, 0.0020920502, 0.0, 0.008368201, 0.0041841003, 0.0, 0.0020920502, 0.0, 0.0020920502, 0.0020920502, 0.0020920502, 0.0, 0.0041841003, 0.0062761502, 0.0, 0.0020920502, 0.0, 0.0, 0.0041841003, 0.0062761502, 0.0, 0.0041841003, 0.0020920502, 0.0041841003, 0.0041841003, 0.0, 0.0041841003, 0.010460251, 0.0, 0.0062761502, 0.0062761502, 0.0062761502, 0.0020920502, 0.0020920502, 0.0041841003, 0.0041841003, 0.0, 0.0, 0.0, 0.0020920502, 0.0, 0.0020920502, 0.0041841003, 0.0, 0.0, 0.0041841003, 0.0, 0.0020920502, 0.0, 0.0020920502, 0.0, 0.0062761502, 0.0, 0.0, 0.0, 0.0020920502, 0.0, 0.0020920502, 0.0, 0.0, 0.0020920502, 0.0, 0.0, 0.0, 0.0041841003, 0.0, 0.0041841003, 0.0125523005, 0.0, 0.0041841003, 0.010460251, 0.0020920502, 0.0020920502, 0.0, 0.0041841003, 0.0, 0.008368201, 0.0, 0.0, 0.0, 0.0062761502, 0.0, 0.0020920502, 0.0, 0.0041841003, 0.0, 0.0, 0.0020920502, 0.0041841003, 0.0041841003, 0.008368201, 0.0, 0.0041841003, 0.0, 0.0020920502, 0.0062761502, 0.0020920502, 0.0020920502, 0.0, 0.0020920502, 0.008368201, 0.0, 0.0, 0.0041841003, 0.0, 0.0062761502, 0.0062761502, 0.0020920502, 0.0020920502, 0.0, 0.0020920502, 0.0020920502, 0.0, 0.0041841003, 0.0, 0.0, 0.0041841003, 0.0, 0.0020920502, 0.0, 0.0020920502, 0.0020920502, 0.0, 0.0, 0.0020920502, 0.0, 0.0020920502, 0.0, 0.0, 0.0, 0.0, 0.0020920502, 0.0, 0.0, 0.0041841003, 0.0041841003, 0.0062761502, 0.0, 0.008368201, 0.0, 0.0, 0.0, 0.0020920502, 0.0041841003, 0.0020920502, 0.0, 0.0041841003, 0.0062761502, 0.0020920502, 0.0041841003, 0.0041841003, 0.0020920502, 0.0020920502, 0.0 ]
--Histogram size : 400
Predicting test image : table as table
file:/C:/Users/ac010168/workspaces/umkc/Lab5Images/data/test/table/table_00289.jpeg
Generating Histogram for image : C:/Users/ac010168/workspaces/umkc/Lab5Images/data/test/table/table_00289.jpeg
400 5
Histogram size : (400, 1)
Histogram : [ 0.010893246, 0.013071895, 0.0, 0.0, 0.0021786492, 0.0043572984, 0.0, 0.0021786492, 0.0, 0.0, 0.0021786492, 0.0, 0.0021786492, 0.0065359473, 0.0, 0.0021786492, 0.0021786492, 0.0, 0.0, 0.0, 0.0, 0.0021786492, 0.0, 0.0043572984, 0.0043572984, 0.0043572984, 0.0, 0.0021786492, 0.0, 0.015250544, 0.0, 0.0021786492, 0.0, 0.0, 0.0021786492, 0.037037037, 0.0021786492, 0.0, 0.0, 0.0043572984, 0.0021786492, 0.0021786492, 0.0043572984, 0.0, 0.019607842, 0.0043572984, 0.0021786492, 0.0, 0.0043572984, 0.0065359473, 0.0, 0.0, 0.0021786492, 0.0, 0.0, 0.0043572984, 0.0, 0.0043572984, 0.0, 0.0021786492, 0.0043572984, 0.0043572984, 0.0065359473, 0.0, 0.0043572984, 0.0, 0.0, 0.0043572984, 0.0, 0.0, 0.0, 0.0043572984, 0.0043572984, 0.0, 0.0021786492, 0.0021786492, 0.0, 0.0, 0.0021786492, 0.0021786492, 0.0, 0.02396514, 0.0043572984, 0.0, 0.0043572984, 0.0, 0.0065359473, 0.0, 0.0, 0.0043572984, 0.0021786492, 0.0021786492, 0.0043572984, 0.0, 0.0, 0.0043572984, 0.0, 0.0, 0.0, 0.0, 0.0065359473, 0.021786492, 0.0, 0.0021786492, 0.0043572984, 0.0, 0.0021786492, 0.0, 0.0, 0.0021786492, 0.0043572984, 0.0, 0.0021786492, 0.0, 0.0, 0.010893246, 0.0043572984, 0.0, 0.0021786492, 0.0043572984, 0.0021786492, 0.0043572984, 0.0, 0.0021786492, 0.0, 0.0021786492, 0.0043572984, 0.0, 0.0, 0.0021786492, 0.0, 0.0, 0.0043572984, 0.0, 0.0, 0.0, 0.008714597, 0.0, 0.0, 0.0021786492, 0.0021786492, 0.0, 0.0, 0.010893246, 0.0, 0.008714597, 0.0065359473, 0.0, 0.0043572984, 0.0043572984, 0.0021786492, 0.0043572984, 0.0021786492, 0.0, 0.0, 0.0065359473, 0.0021786492, 0.0, 0.0, 0.0021786492, 0.0, 0.0021786492, 0.0, 0.0, 0.0, 0.0, 0.0, 0.0043572984, 0.0065359473, 0.0, 0.0021786492, 0.0, 0.0, 0.0, 0.0021786492, 0.0043572984, 0.0, 0.0065359473, 0.0, 0.0021786492, 0.0065359473, 0.0, 0.0021786492, 0.0, 0.0, 0.0, 0.0043572984, 0.0, 0.0021786492, 0.0021786492, 0.0, 0.0043572984, 0.008714597, 0.0021786492, 0.0, 0.0065359473, 0.0021786492, 0.0021786492, 0.021786492, 0.0021786492, 0.0021786492, 0.0043572984, 0.0021786492, 0.0065359473, 0.0, 0.0065359473, 0.0, 0.0, 0.0, 0.0021786492, 0.0, 0.008714597, 0.0021786492, 0.0043572984, 0.0043572984, 0.008714597, 0.0, 0.0, 0.0021786492, 0.0043572984, 0.0043572984, 0.0021786492, 0.0, 0.0, 0.0, 0.0, 0.0065359473, 0.0, 0.0043572984, 0.0, 0.0, 0.0021786492, 0.0, 0.0, 0.0, 0.0, 0.0065359473, 0.0043572984, 0.0, 0.0065359473, 0.0021786492, 0.0, 0.0043572984, 0.0, 0.0065359473, 0.0021786492, 0.0, 0.0, 0.0, 0.0021786492, 0.0, 0.0043572984, 0.0, 0.0043572984, 0.0021786492, 0.0021786492, 0.0, 0.0021786492, 0.0021786492, 0.013071895, 0.0, 0.0, 0.0021786492, 0.0065359473, 0.0065359473, 0.0065359473, 0.0021786492, 0.0021786492, 0.0021786492, 0.0043572984, 0.0043572984, 0.0021786492, 0.017429193, 0.0, 0.0, 0.0065359473, 0.0, 0.0065359473, 0.0, 0.0043572984, 0.0043572984, 0.0, 0.0, 0.0, 0.0043572984, 0.0, 0.0, 0.0065359473, 0.0, 0.0, 0.0021786492, 0.0043572984, 0.0, 0.0043572984, 0.0043572984, 0.0, 0.0021786492, 0.0021786492, 0.0, 0.0065359473, 0.0, 0.0043572984, 0.0, 0.0, 0.0, 0.0, 0.0, 0.0021786492, 0.0021786492, 0.0, 0.0021786492, 0.0, 0.0, 0.0065359473, 0.0065359473, 0.0, 0.0021786492, 0.0, 0.0021786492, 0.0, 0.0021786492, 0.0, 0.0, 0.0, 0.0, 0.0021786492, 0.0065359473, 0.0, 0.0043572984, 0.010893246, 0.0043572984, 0.0065359473, 0.0, 0.0021786492, 0.0, 0.008714597, 0.0, 0.0043572984, 0.0021786492, 0.0, 0.0043572984, 0.0, 0.0, 0.0, 0.0021786492, 0.0021786492, 0.0, 0.0021786492, 0.0021786492, 0.0, 0.0021786492, 0.0, 0.010893246, 0.0, 0.0021786492, 0.0, 0.0021786492, 0.0065359473, 0.0021786492, 0.0, 0.0, 0.0, 0.0043572984, 0.0, 0.0, 0.0021786492, 0.0021786492, 0.0021786492, 0.0, 0.0, 0.0021786492, 0.0, 0.0043572984, 0.0043572984, 0.0, 0.0021786492, 0.0021786492, 0.0065359473, 0.0, 0.0, 0.0043572984, 0.0065359473, 0.0, 0.0, 0.008714597, 0.0, 0.0043572984, 0.0, 0.0021786492, 0.0021786492, 0.0043572984, 0.0, 0.0043572984, 0.0, 0.0, 0.0043572984, 0.0021786492, 0.0, 0.0, 0.0021786492 ]
--Histogram size : 400
Predicting test image : table as table
file:/C:/Users/ac010168/workspaces/umkc/Lab5Images/data/test/table/table_00838.jpeg
Generating Histogram for image : C:/Users/ac010168/workspaces/umkc/Lab5Images/data/test/table/table_00838.jpeg
400 5
Histogram size : (400, 1)
Histogram : [ 0.0, 0.006802721, 0.0, 0.006802721, 0.006802721, 0.0, 0.006802721, 0.0, 0.0, 0.0, 0.0, 0.020408163, 0.006802721, 0.0, 0.006802721, 0.0, 0.006802721, 0.0, 0.0, 0.0, 0.006802721, 0.0, 0.0, 0.0, 0.0, 0.0, 0.0, 0.0, 0.0, 0.0, 0.006802721, 0.006802721, 0.0, 0.006802721, 0.0, 0.020408163, 0.013605442, 0.0, 0.006802721, 0.0, 0.0, 0.0, 0.0, 0.006802721, 0.0, 0.0, 0.0, 0.013605442, 0.0, 0.006802721, 0.006802721, 0.0, 0.006802721, 0.0, 0.0, 0.0, 0.0, 0.0, 0.0, 0.0, 0.0, 0.0, 0.0, 0.0, 0.0, 0.006802721, 0.0, 0.006802721, 0.0, 0.0, 0.0, 0.006802721, 0.020408163, 0.0, 0.006802721, 0.0, 0.0, 0.0, 0.0, 0.0, 0.0, 0.0, 0.0, 0.0, 0.0, 0.0, 0.006802721, 0.0, 0.006802721, 0.0, 0.0, 0.0, 0.0, 0.0, 0.0, 0.0, 0.0, 0.006802721, 0.0, 0.0, 0.0, 0.0, 0.0, 0.0, 0.0, 0.0, 0.0, 0.0, 0.0, 0.006802721, 0.0, 0.0, 0.006802721, 0.0, 0.0, 0.0, 0.006802721, 0.006802721, 0.006802721, 0.0, 0.0, 0.0, 0.006802721, 0.0, 0.0, 0.0, 0.0, 0.0, 0.0, 0.006802721, 0.0, 0.0, 0.0, 0.0, 0.0, 0.0, 0.0, 0.0, 0.006802721, 0.0, 0.013605442, 0.0, 0.013605442, 0.0, 0.006802721, 0.0, 0.0, 0.0, 0.0, 0.0, 0.0, 0.0, 0.006802721, 0.006802721, 0.006802721, 0.0, 0.0, 0.0, 0.0, 0.0, 0.0, 0.0, 0.0, 0.0, 0.006802721, 0.006802721, 0.013605442, 0.006802721, 0.0, 0.006802721, 0.0, 0.006802721, 0.0, 0.0, 0.006802721, 0.006802721, 0.0, 0.006802721, 0.0, 0.0, 0.0, 0.0, 0.0, 0.0, 0.0, 0.006802721, 0.0, 0.0, 0.0, 0.0, 0.006802721, 0.0, 0.0, 0.0, 0.0, 0.0, 0.0, 0.0, 0.0, 0.006802721, 0.0, 0.006802721, 0.013605442, 0.006802721, 0.0, 0.0, 0.0, 0.0, 0.0, 0.006802721, 0.0, 0.0, 0.0, 0.0, 0.0, 0.006802721, 0.006802721, 0.0, 0.0, 0.0, 0.0, 0.0, 0.0, 0.0, 0.006802721, 0.006802721, 0.0, 0.0, 0.0, 0.006802721, 0.0, 0.0, 0.006802721, 0.0, 0.0, 0.0, 0.006802721, 0.0, 0.0, 0.013605442, 0.0, 0.0, 0.006802721, 0.0, 0.006802721, 0.0, 0.0, 0.013605442, 0.0, 0.013605442, 0.0, 0.0, 0.0, 0.006802721, 0.006802721, 0.0, 0.0, 0.013605442, 0.0, 0.027210884, 0.0, 0.0, 0.006802721, 0.006802721, 0.0, 0.0, 0.0, 0.006802721, 0.0, 0.0, 0.020408163, 0.0, 0.0, 0.0, 0.0, 0.0, 0.006802721, 0.0, 0.0, 0.0, 0.006802721, 0.0, 0.0, 0.0, 0.0, 0.0, 0.0, 0.0, 0.0, 0.0, 0.0, 0.013605442, 0.0, 0.0, 0.0, 0.0, 0.0, 0.0, 0.0, 0.0, 0.0, 0.0, 0.027210884, 0.0, 0.0, 0.0, 0.006802721, 0.0, 0.0, 0.006802721, 0.0, 0.0, 0.0, 0.0, 0.0, 0.0, 0.0, 0.0, 0.0, 0.0, 0.0, 0.0, 0.0, 0.020408163, 0.013605442, 0.0, 0.0, 0.0, 0.0, 0.006802721, 0.0, 0.006802721, 0.0, 0.0, 0.0, 0.0, 0.0, 0.013605442, 0.0, 0.0, 0.0, 0.0, 0.0, 0.0, 0.0, 0.006802721, 0.0, 0.020408163, 0.0, 0.0, 0.0, 0.006802721, 0.0, 0.0, 0.0, 0.006802721, 0.006802721, 0.006802721, 0.0, 0.0, 0.0, 0.0, 0.0, 0.0, 0.006802721, 0.0, 0.006802721, 0.027210884, 0.0, 0.006802721, 0.006802721, 0.006802721, 0.006802721, 0.006802721, 0.0, 0.0, 0.006802721, 0.013605442, 0.0, 0.0, 0.006802721, 0.0, 0.0, 0.0, 0.0, 0.0, 0.006802721, 0.006802721, 0.006802721, 0.0, 0.0, 0.006802721, 0.0, 0.0, 0.0, 0.0, 0.0, 0.0, 0.013605442, 0.0 ]
--Histogram size : 400
Predicting test image : table as bookcase
file:/C:/Users/ac010168/workspaces/umkc/Lab5Images/data/test/table/table_00969.jpeg
Generating Histogram for image : C:/Users/ac010168/workspaces/umkc/Lab5Images/data/test/table/table_00969.jpeg
400 5
Histogram size : (400, 1)
Histogram : [ 0.009302326, 0.004651163, 0.013953488, 0.0, 0.0, 0.004651163, 0.004651163, 0.0, 0.004651163, 0.0, 0.0, 0.0, 0.009302326, 0.0, 0.0, 0.0, 0.0, 0.0, 0.0, 0.0, 0.0, 0.0, 0.004651163, 0.0, 0.0, 0.0, 0.0, 0.004651163, 0.0, 0.041860465, 0.0, 0.0, 0.0, 0.0, 0.004651163, 0.004651163, 0.004651163, 0.0, 0.0, 0.009302326, 0.0, 0.009302326, 0.0, 0.0, 0.0, 0.0, 0.0, 0.013953488, 0.0, 0.004651163, 0.0, 0.0, 0.0, 0.0, 0.0, 0.004651163, 0.004651163, 0.004651163, 0.0, 0.0, 0.0, 0.0, 0.004651163, 0.0, 0.013953488, 0.0, 0.004651163, 0.009302326, 0.004651163, 0.009302326, 0.0, 0.004651163, 0.004651163, 0.0, 0.018604651, 0.004651163, 0.0, 0.0, 0.0, 0.0, 0.0, 0.0, 0.0, 0.0, 0.004651163, 0.004651163, 0.0, 0.0, 0.009302326, 0.009302326, 0.0, 0.009302326, 0.0, 0.0, 0.004651163, 0.004651163, 0.0, 0.004651163, 0.009302326, 0.004651163, 0.004651163, 0.0, 0.004651163, 0.004651163, 0.0, 0.0, 0.0, 0.0, 0.004651163, 0.0, 0.0, 0.004651163, 0.0, 0.004651163, 0.0, 0.0, 0.004651163, 0.0, 0.0, 0.0, 0.009302326, 0.0, 0.004651163, 0.004651163, 0.013953488, 0.004651163, 0.0, 0.0, 0.0, 0.013953488, 0.009302326, 0.0, 0.0, 0.0, 0.004651163, 0.0, 0.0, 0.0, 0.0, 0.0, 0.0, 0.0, 0.0, 0.0, 0.004651163, 0.0, 0.009302326, 0.0, 0.0, 0.013953488, 0.0, 0.004651163, 0.004651163, 0.0, 0.0, 0.004651163, 0.0, 0.004651163, 0.004651163, 0.013953488, 0.0, 0.0, 0.0, 0.0, 0.0, 0.009302326, 0.0, 0.009302326, 0.004651163, 0.0, 0.0, 0.0, 0.004651163, 0.0, 0.0, 0.0, 0.0, 0.0, 0.0, 0.0, 0.0, 0.0, 0.0, 0.0, 0.0, 0.004651163, 0.0, 0.0, 0.0, 0.0, 0.0, 0.009302326, 0.0, 0.013953488, 0.0, 0.0, 0.0, 0.004651163, 0.0, 0.004651163, 0.0, 0.0, 0.0, 0.0, 0.004651163, 0.0, 0.0, 0.0, 0.0, 0.009302326, 0.0, 0.0, 0.0, 0.004651163, 0.0, 0.0, 0.009302326, 0.0, 0.009302326, 0.0, 0.004651163, 0.0, 0.0, 0.0, 0.004651163, 0.009302326, 0.009302326, 0.0, 0.0, 0.0, 0.0, 0.004651163, 0.0, 0.0, 0.018604651, 0.004651163, 0.004651163, 0.004651163, 0.0, 0.009302326, 0.004651163, 0.0, 0.0, 0.0, 0.004651163, 0.0, 0.004651163, 0.0, 0.0, 0.009302326, 0.0, 0.0, 0.004651163, 0.004651163, 0.0, 0.0, 0.0, 0.0, 0.004651163, 0.009302326, 0.004651163, 0.0, 0.0, 0.004651163, 0.013953488, 0.0, 0.0, 0.013953488, 0.0, 0.004651163, 0.004651163, 0.0, 0.004651163, 0.0, 0.0, 0.004651163, 0.0, 0.0, 0.0, 0.0, 0.004651163, 0.0, 0.009302326, 0.0, 0.0, 0.0, 0.0, 0.009302326, 0.0, 0.0, 0.0, 0.0, 0.0, 0.0, 0.0, 0.0, 0.004651163, 0.009302326, 0.0, 0.0, 0.0, 0.0, 0.009302326, 0.0, 0.004651163, 0.013953488, 0.0, 0.0, 0.0, 0.004651163, 0.0, 0.0, 0.0, 0.004651163, 0.0, 0.004651163, 0.004651163, 0.0, 0.004651163, 0.0, 0.0, 0.004651163, 0.0, 0.004651163, 0.004651163, 0.0, 0.004651163, 0.0, 0.0, 0.0, 0.0, 0.0, 0.004651163, 0.0, 0.0, 0.004651163, 0.004651163, 0.004651163, 0.004651163, 0.0, 0.004651163, 0.0, 0.0, 0.0, 0.0, 0.0, 0.0, 0.0, 0.0, 0.0, 0.013953488, 0.0, 0.004651163, 0.0, 0.0, 0.0, 0.004651163, 0.009302326, 0.0, 0.009302326, 0.0, 0.0, 0.0, 0.0, 0.0, 0.0, 0.0, 0.009302326, 0.0, 0.0, 0.0, 0.0, 0.004651163, 0.0, 0.009302326, 0.0, 0.0, 0.0, 0.0, 0.0, 0.004651163, 0.0, 0.0, 0.004651163, 0.013953488, 0.0, 0.004651163, 0.0, 0.0, 0.0, 0.004651163, 0.0, 0.0, 0.004651163, 0.0, 0.004651163, 0.004651163, 0.0, 0.0, 0.0 ]
--Histogram size : 400
Predicting test image : table as bookcase
file:/C:/Users/ac010168/workspaces/umkc/Lab5Images/data/test/weapon/weapon_00009.jpeg
Generating Histogram for image : C:/Users/ac010168/workspaces/umkc/Lab5Images/data/test/weapon/weapon_00009.jpeg
400 5
Histogram size : (400, 1)
Histogram : [ 0.042857144, 0.0035714286, 0.0, 0.0, 0.0035714286, 0.0, 0.0, 0.0, 0.0035714286, 0.0, 0.0, 0.0, 0.007142857, 0.0, 0.0, 0.0, 0.0035714286, 0.0035714286, 0.0, 0.0, 0.0, 0.0, 0.0, 0.0, 0.0, 0.0035714286, 0.0, 0.0035714286, 0.0, 0.046428572, 0.0, 0.0, 0.0, 0.007142857, 0.0, 0.0035714286, 0.0035714286, 0.0, 0.0035714286, 0.0, 0.0035714286, 0.0, 0.0, 0.0, 0.007142857, 0.0, 0.0, 0.0, 0.0, 0.0, 0.0, 0.0035714286, 0.0, 0.0, 0.0, 0.0, 0.010714286, 0.014285714, 0.0, 0.0, 0.0035714286, 0.0, 0.0, 0.010714286, 0.017857144, 0.0, 0.0, 0.010714286, 0.0, 0.0035714286, 0.0, 0.0, 0.0035714286, 0.014285714, 0.0035714286, 0.0, 0.0, 0.007142857, 0.014285714, 0.0, 0.0035714286, 0.0, 0.0, 0.0035714286, 0.010714286, 0.0, 0.0, 0.0, 0.0, 0.010714286, 0.0, 0.0, 0.0, 0.0, 0.0035714286, 0.0, 0.0, 0.0, 0.0035714286, 0.0, 0.0, 0.0, 0.0, 0.0, 0.0, 0.0035714286, 0.0, 0.0, 0.0, 0.0035714286, 0.0, 0.0, 0.0, 0.0, 0.0035714286, 0.0035714286, 0.0, 0.0035714286, 0.0035714286, 0.0035714286, 0.007142857, 0.0, 0.0035714286, 0.007142857, 0.0035714286, 0.0, 0.0, 0.0, 0.0035714286, 0.0, 0.010714286, 0.0, 0.0, 0.0, 0.0035714286, 0.0035714286, 0.0, 0.0035714286, 0.0035714286, 0.010714286, 0.0, 0.0035714286, 0.0, 0.0, 0.0, 0.007142857, 0.0035714286, 0.007142857, 0.0, 0.0, 0.0, 0.014285714, 0.007142857, 0.0, 0.0035714286, 0.010714286, 0.0, 0.0035714286, 0.0, 0.0, 0.0035714286, 0.010714286, 0.0, 0.0035714286, 0.0, 0.0, 0.007142857, 0.007142857, 0.0, 0.0035714286, 0.0035714286, 0.0, 0.0, 0.010714286, 0.0, 0.0, 0.0035714286, 0.0035714286, 0.007142857, 0.0, 0.007142857, 0.0, 0.0, 0.0035714286, 0.0035714286, 0.0, 0.0, 0.0035714286, 0.0, 0.0035714286, 0.0, 0.010714286, 0.0, 0.0, 0.0035714286, 0.0, 0.0, 0.0035714286, 0.0, 0.0, 0.0, 0.0, 0.0, 0.0, 0.0035714286, 0.0, 0.0, 0.0, 0.0, 0.0, 0.0, 0.0, 0.0, 0.0, 0.0, 0.0, 0.0035714286, 0.0035714286, 0.0035714286, 0.0, 0.0, 0.0, 0.0035714286, 0.0, 0.0, 0.028571429, 0.007142857, 0.0, 0.0, 0.007142857, 0.0, 0.0035714286, 0.0, 0.0, 0.007142857, 0.0, 0.010714286, 0.0, 0.007142857, 0.0, 0.007142857, 0.0, 0.007142857, 0.0035714286, 0.0, 0.0, 0.0, 0.0035714286, 0.0, 0.007142857, 0.0, 0.0, 0.0, 0.0, 0.0, 0.0, 0.0, 0.0035714286, 0.0, 0.0035714286, 0.0035714286, 0.0, 0.0035714286, 0.0, 0.0, 0.0035714286, 0.0, 0.0, 0.0, 0.0035714286, 0.0, 0.0, 0.0035714286, 0.0035714286, 0.0, 0.0, 0.0035714286, 0.0, 0.0035714286, 0.0, 0.0, 0.0, 0.021428572, 0.0, 0.0, 0.007142857, 0.0035714286, 0.0035714286, 0.021428572, 0.0035714286, 0.0, 0.0, 0.0, 0.0035714286, 0.0, 0.0, 0.0, 0.007142857, 0.0, 0.010714286, 0.0, 0.014285714, 0.0, 0.0, 0.0, 0.007142857, 0.0, 0.0035714286, 0.0035714286, 0.0035714286, 0.0035714286, 0.010714286, 0.0035714286, 0.0035714286, 0.0, 0.0035714286, 0.0, 0.0, 0.0, 0.0, 0.0035714286, 0.0, 0.0, 0.007142857, 0.0, 0.0035714286, 0.007142857, 0.0, 0.0, 0.0035714286, 0.0, 0.0035714286, 0.0, 0.0, 0.0035714286, 0.007142857, 0.010714286, 0.0, 0.0, 0.0, 0.0035714286, 0.0035714286, 0.0, 0.0035714286, 0.0, 0.017857144, 0.0035714286, 0.007142857, 0.0, 0.0, 0.0, 0.0, 0.0, 0.0, 0.0, 0.0035714286, 0.0, 0.0, 0.0, 0.0, 0.0035714286, 0.0, 0.0035714286, 0.0035714286, 0.0, 0.0, 0.0, 0.0, 0.0, 0.0, 0.0, 0.0, 0.0035714286, 0.0, 0.0, 0.0, 0.0, 0.0, 0.0, 0.0, 0.0, 0.0035714286, 0.0, 0.0, 0.0, 0.0035714286, 0.0, 0.0035714286, 0.0, 0.0, 0.0035714286, 0.0, 0.0, 0.0, 0.014285714, 0.007142857, 0.010714286, 0.0, 0.0, 0.0 ]
--Histogram size : 400
Predicting test image : weapon as weapon
file:/C:/Users/ac010168/workspaces/umkc/Lab5Images/data/test/weapon/weapon_00522.jpeg
Generating Histogram for image : C:/Users/ac010168/workspaces/umkc/Lab5Images/data/test/weapon/weapon_00522.jpeg
400 5
Histogram size : (400, 1)
Histogram : [ 0.010869565, 0.018115941, 0.0036231885, 0.007246377, 0.0036231885, 0.0, 0.0036231885, 0.0, 0.0, 0.0036231885, 0.0036231885, 0.0, 0.0, 0.02536232, 0.0036231885, 0.0, 0.0, 0.0, 0.0, 0.0036231885, 0.0, 0.0, 0.0, 0.0, 0.0, 0.0036231885, 0.0, 0.007246377, 0.0, 0.032608695, 0.0, 0.0, 0.0036231885, 0.007246377, 0.0, 0.02536232, 0.0036231885, 0.0, 0.0, 0.007246377, 0.0036231885, 0.0, 0.007246377, 0.0036231885, 0.0036231885, 0.0, 0.0, 0.0036231885, 0.0, 0.0036231885, 0.0, 0.0, 0.0036231885, 0.0, 0.0, 0.007246377, 0.0036231885, 0.02173913, 0.0036231885, 0.0036231885, 0.0036231885, 0.0, 0.0036231885, 0.0036231885, 0.0036231885, 0.007246377, 0.0, 0.007246377, 0.0, 0.0036231885, 0.0, 0.007246377, 0.0, 0.007246377, 0.0, 0.0, 0.0, 0.0, 0.0036231885, 0.0, 0.0, 0.0, 0.0, 0.007246377, 0.007246377, 0.0, 0.0, 0.0, 0.0036231885, 0.0, 0.0, 0.0, 0.0036231885, 0.0, 0.0, 0.0, 0.0, 0.0, 0.0, 0.0, 0.0036231885, 0.0, 0.0, 0.010869565, 0.0, 0.0, 0.0036231885, 0.0, 0.0, 0.0036231885, 0.007246377, 0.0, 0.0, 0.0, 0.0, 0.0, 0.007246377, 0.010869565, 0.0, 0.007246377, 0.007246377, 0.0, 0.0, 0.0, 0.0, 0.0, 0.0, 0.0, 0.0, 0.014492754, 0.0036231885, 0.0, 0.007246377, 0.0, 0.0036231885, 0.0, 0.0, 0.0, 0.0, 0.0036231885, 0.0, 0.0, 0.0, 0.0036231885, 0.0036231885, 0.007246377, 0.014492754, 0.0036231885, 0.0, 0.010869565, 0.0, 0.0036231885, 0.007246377, 0.0, 0.0036231885, 0.0, 0.0, 0.0, 0.0, 0.007246377, 0.0, 0.0036231885, 0.0, 0.0, 0.0, 0.0, 0.0, 0.0036231885, 0.007246377, 0.0, 0.0, 0.0, 0.0, 0.0, 0.0, 0.0036231885, 0.0, 0.0, 0.0, 0.0036231885, 0.010869565, 0.0, 0.0, 0.0, 0.0, 0.0036231885, 0.0, 0.0, 0.010869565, 0.0036231885, 0.0036231885, 0.0, 0.0, 0.007246377, 0.0036231885, 0.0, 0.0, 0.0, 0.0, 0.0, 0.0, 0.0036231885, 0.0036231885, 0.0036231885, 0.0036231885, 0.0, 0.0, 0.0, 0.0, 0.0036231885, 0.0, 0.0, 0.0, 0.0, 0.0, 0.0036231885, 0.0, 0.0, 0.0, 0.0036231885, 0.0036231885, 0.0036231885, 0.0, 0.0, 0.0036231885, 0.014492754, 0.0036231885, 0.0, 0.0, 0.0, 0.0, 0.0036231885, 0.0, 0.0036231885, 0.0036231885, 0.0036231885, 0.0036231885, 0.0, 0.007246377, 0.007246377, 0.010869565, 0.0, 0.0, 0.0036231885, 0.0, 0.0, 0.0, 0.0036231885, 0.0, 0.0, 0.0, 0.0, 0.0, 0.0036231885, 0.0036231885, 0.0, 0.0036231885, 0.0, 0.0, 0.007246377, 0.0036231885, 0.0, 0.0, 0.0, 0.0, 0.0036231885, 0.0036231885, 0.0036231885, 0.0, 0.0036231885, 0.007246377, 0.0, 0.014492754, 0.0036231885, 0.0, 0.0036231885, 0.0, 0.0, 0.0, 0.0, 0.007246377, 0.0, 0.007246377, 0.0, 0.007246377, 0.0, 0.0, 0.0, 0.007246377, 0.0, 0.0, 0.0036231885, 0.007246377, 0.007246377, 0.007246377, 0.0, 0.0, 0.0, 0.0, 0.010869565, 0.0, 0.0036231885, 0.0036231885, 0.0, 0.0, 0.0, 0.0, 0.007246377, 0.0, 0.0, 0.0036231885, 0.0, 0.0036231885, 0.0036231885, 0.0, 0.0, 0.0, 0.0, 0.0036231885, 0.0036231885, 0.0, 0.0, 0.007246377, 0.007246377, 0.0, 0.0, 0.0036231885, 0.0, 0.0, 0.0, 0.007246377, 0.0, 0.0, 0.0, 0.0, 0.0, 0.007246377, 0.0, 0.0036231885, 0.0, 0.018115941, 0.0, 0.0, 0.0, 0.0, 0.0036231885, 0.014492754, 0.018115941, 0.0, 0.0036231885, 0.0, 0.010869565, 0.0036231885, 0.0, 0.0, 0.0, 0.0, 0.007246377, 0.0, 0.0, 0.0, 0.0, 0.0, 0.0, 0.0, 0.010869565, 0.0036231885, 0.007246377, 0.0, 0.0, 0.0036231885, 0.0, 0.014492754, 0.007246377, 0.0, 0.0, 0.007246377, 0.0, 0.0, 0.0, 0.0, 0.0, 0.0036231885, 0.0, 0.0, 0.0, 0.0, 0.0, 0.0, 0.0, 0.0, 0.007246377, 0.0, 0.0, 0.0, 0.0036231885, 0.0, 0.0, 0.0, 0.0036231885 ]
--Histogram size : 400
Predicting test image : weapon as weapon
file:/C:/Users/ac010168/workspaces/umkc/Lab5Images/data/test/who/who_00072.jpeg
Generating Histogram for image : C:/Users/ac010168/workspaces/umkc/Lab5Images/data/test/who/who_00072.jpeg
400 5
Histogram size : (400, 1)
Histogram : [ 0.0, 0.0, 0.011111111, 0.0, 0.0, 0.0, 0.011111111, 0.0, 0.0, 0.0, 0.011111111, 0.0, 0.0, 0.0, 0.0, 0.0, 0.0, 0.0, 0.0, 0.0, 0.0, 0.0, 0.0, 0.0, 0.0, 0.0, 0.033333335, 0.0, 0.0, 0.044444446, 0.0, 0.0, 0.0, 0.0, 0.0, 0.033333335, 0.0, 0.0, 0.0, 0.0, 0.022222223, 0.0, 0.011111111, 0.011111111, 0.0, 0.0, 0.0, 0.0, 0.0, 0.0, 0.0, 0.0, 0.0, 0.0, 0.044444446, 0.011111111, 0.0, 0.0, 0.0, 0.022222223, 0.011111111, 0.011111111, 0.0, 0.0, 0.011111111, 0.0, 0.0, 0.0, 0.0, 0.0, 0.0, 0.011111111, 0.011111111, 0.011111111, 0.0, 0.0, 0.0, 0.0, 0.0, 0.0, 0.0, 0.0, 0.0, 0.0, 0.011111111, 0.022222223, 0.0, 0.0, 0.0, 0.011111111, 0.0, 0.0, 0.011111111, 0.0, 0.0, 0.0, 0.0, 0.0, 0.0, 0.011111111, 0.0, 0.0, 0.0, 0.0, 0.0, 0.0, 0.0, 0.011111111, 0.0, 0.0, 0.011111111, 0.0, 0.0, 0.0, 0.055555556, 0.0, 0.0, 0.0, 0.0, 0.0, 0.0, 0.0, 0.0, 0.0, 0.0, 0.011111111, 0.0, 0.0, 0.0, 0.0, 0.0, 0.0, 0.0, 0.0, 0.011111111, 0.0, 0.0, 0.0, 0.011111111, 0.0, 0.0, 0.0, 0.0, 0.0, 0.022222223, 0.0, 0.033333335, 0.0, 0.0, 0.0, 0.0, 0.0, 0.0, 0.011111111, 0.0, 0.0, 0.0, 0.0, 0.0, 0.0, 0.0, 0.0, 0.0, 0.0, 0.0, 0.0, 0.011111111, 0.0, 0.0, 0.0, 0.0, 0.0, 0.0, 0.0, 0.0, 0.0, 0.022222223, 0.0, 0.0, 0.0, 0.0, 0.0, 0.0, 0.0, 0.0, 0.0, 0.011111111, 0.0, 0.022222223, 0.0, 0.0, 0.0, 0.0, 0.033333335, 0.0, 0.0, 0.0, 0.0, 0.0, 0.0, 0.0, 0.0, 0.0, 0.0, 0.0, 0.0, 0.011111111, 0.0, 0.0, 0.0, 0.0, 0.0, 0.0, 0.0, 0.0, 0.0, 0.011111111, 0.0, 0.0, 0.0, 0.0, 0.0, 0.0, 0.0, 0.0, 0.0, 0.0, 0.011111111, 0.0, 0.0, 0.0, 0.0, 0.0, 0.0, 0.0, 0.011111111, 0.0, 0.0, 0.0, 0.011111111, 0.0, 0.0, 0.0, 0.0, 0.0, 0.0, 0.0, 0.0, 0.011111111, 0.0, 0.011111111, 0.0, 0.0, 0.0, 0.0, 0.0, 0.0, 0.011111111, 0.0, 0.0, 0.0, 0.0, 0.0, 0.0, 0.0, 0.0, 0.0, 0.0, 0.0, 0.0, 0.0, 0.0, 0.0, 0.0, 0.0, 0.011111111, 0.0, 0.0, 0.0, 0.0, 0.0, 0.0, 0.0, 0.0, 0.0, 0.0, 0.0, 0.011111111, 0.0, 0.0, 0.0, 0.0, 0.0, 0.0, 0.0, 0.0, 0.0, 0.0, 0.0, 0.0, 0.0, 0.011111111, 0.0, 0.0, 0.0, 0.011111111, 0.011111111, 0.0, 0.0, 0.0, 0.0, 0.011111111, 0.0, 0.011111111, 0.0, 0.0, 0.0, 0.0, 0.0, 0.0, 0.0, 0.0, 0.0, 0.0, 0.0, 0.0, 0.0, 0.0, 0.0, 0.0, 0.0, 0.011111111, 0.0, 0.0, 0.0, 0.0, 0.0, 0.0, 0.011111111, 0.0, 0.0, 0.0, 0.022222223, 0.011111111, 0.0, 0.0, 0.0, 0.0, 0.0, 0.0, 0.0, 0.0, 0.0, 0.0, 0.011111111, 0.011111111, 0.0, 0.0, 0.0, 0.0, 0.0, 0.0, 0.0, 0.0, 0.0, 0.011111111, 0.0, 0.0, 0.0, 0.0, 0.0, 0.0, 0.0, 0.0, 0.0, 0.0, 0.0, 0.0, 0.0, 0.0, 0.0, 0.0, 0.0, 0.0, 0.033333335, 0.0, 0.0, 0.011111111, 0.011111111, 0.0, 0.0, 0.0, 0.0, 0.011111111, 0.0, 0.0, 0.0, 0.0, 0.0, 0.0 ]
--Histogram size : 400
Predicting test image : who as who
file:/C:/Users/ac010168/workspaces/umkc/Lab5Images/data/test/who/who_00689.jpeg
Generating Histogram for image : C:/Users/ac010168/workspaces/umkc/Lab5Images/data/test/who/who_00689.jpeg
400 5
Histogram size : (400, 1)
Histogram : [ 0.0, 0.0, 0.0, 0.0, 0.0, 0.0, 0.0, 0.0, 0.0, 0.0, 0.041666668, 0.0, 0.0, 0.010416667, 0.0, 0.0, 0.0, 0.020833334, 0.0, 0.0, 0.0, 0.010416667, 0.0, 0.0, 0.010416667, 0.0, 0.041666668, 0.0, 0.020833334, 0.0, 0.0, 0.020833334, 0.0, 0.020833334, 0.0, 0.0, 0.0, 0.0, 0.0, 0.0, 0.010416667, 0.0, 0.0, 0.020833334, 0.0, 0.0, 0.0, 0.0, 0.0, 0.0, 0.0, 0.0, 0.0, 0.010416667, 0.020833334, 0.0, 0.0, 0.0, 0.0, 0.0, 0.0, 0.0, 0.0, 0.0, 0.0, 0.0, 0.0, 0.0, 0.0, 0.0, 0.0, 0.010416667, 0.0, 0.0, 0.0, 0.0, 0.0, 0.0, 0.0, 0.0, 0.0, 0.0, 0.010416667, 0.0, 0.0, 0.03125, 0.0, 0.020833334, 0.0, 0.0, 0.0, 0.0, 0.010416667, 0.0, 0.0, 0.0, 0.0, 0.0, 0.0, 0.010416667, 0.0, 0.0, 0.020833334, 0.0, 0.0, 0.010416667, 0.0, 0.0, 0.0, 0.0, 0.0, 0.0, 0.0, 0.0, 0.0, 0.0, 0.0, 0.0, 0.0, 0.0, 0.0, 0.0, 0.0, 0.0, 0.010416667, 0.010416667, 0.0, 0.0, 0.010416667, 0.0, 0.0, 0.0, 0.0, 0.0, 0.0, 0.0, 0.0, 0.0, 0.0, 0.0, 0.0, 0.0, 0.0, 0.0, 0.0, 0.0, 0.0, 0.0, 0.020833334, 0.0, 0.0, 0.0, 0.0, 0.0, 0.0, 0.0, 0.0, 0.010416667, 0.0, 0.0, 0.010416667, 0.0, 0.0, 0.020833334, 0.0, 0.020833334, 0.0, 0.0, 0.0, 0.0, 0.0, 0.0, 0.020833334, 0.0, 0.0, 0.0, 0.020833334, 0.0, 0.0, 0.0, 0.0, 0.0, 0.0, 0.0, 0.0, 0.0, 0.010416667, 0.0, 0.0, 0.0, 0.0, 0.0, 0.0, 0.0, 0.0, 0.0, 0.0, 0.0, 0.0, 0.0, 0.0, 0.0, 0.0, 0.0, 0.0, 0.010416667, 0.010416667, 0.0, 0.0, 0.0, 0.0, 0.0, 0.0, 0.0, 0.0, 0.010416667, 0.0, 0.0, 0.0, 0.0, 0.0, 0.0, 0.010416667, 0.0, 0.0, 0.0, 0.0, 0.020833334, 0.0, 0.0, 0.0, 0.0, 0.0, 0.0, 0.0, 0.0, 0.010416667, 0.0, 0.0, 0.0, 0.0, 0.0, 0.010416667, 0.0, 0.0, 0.0, 0.0, 0.0, 0.03125, 0.0, 0.0, 0.0, 0.0, 0.0, 0.0, 0.0, 0.0, 0.010416667, 0.0, 0.0, 0.010416667, 0.0, 0.0, 0.0, 0.0, 0.0, 0.010416667, 0.0, 0.0, 0.0, 0.0, 0.0, 0.0, 0.0, 0.0, 0.0, 0.0, 0.0, 0.0, 0.0, 0.0, 0.0, 0.010416667, 0.0, 0.0, 0.0, 0.0, 0.0, 0.010416667, 0.0, 0.0, 0.0, 0.0, 0.020833334, 0.0, 0.0, 0.0, 0.0, 0.0, 0.0, 0.0, 0.020833334, 0.010416667, 0.0, 0.010416667, 0.020833334, 0.0, 0.0, 0.0, 0.0, 0.0, 0.0, 0.0, 0.0, 0.0, 0.0, 0.0, 0.0, 0.0, 0.0, 0.0, 0.0, 0.0, 0.0, 0.0, 0.0, 0.0, 0.0, 0.0, 0.0, 0.0, 0.010416667, 0.0, 0.0, 0.0, 0.0, 0.010416667, 0.0, 0.0, 0.03125, 0.0, 0.010416667, 0.010416667, 0.010416667, 0.0, 0.0, 0.0, 0.0, 0.0, 0.0, 0.0, 0.0, 0.0, 0.0, 0.010416667, 0.010416667, 0.0, 0.0, 0.010416667, 0.0, 0.0, 0.0, 0.0, 0.0, 0.010416667, 0.0, 0.0, 0.010416667, 0.0, 0.020833334, 0.0, 0.0, 0.0, 0.0, 0.0, 0.010416667, 0.0, 0.0, 0.0, 0.0, 0.0, 0.0, 0.0, 0.0, 0.0, 0.010416667, 0.0, 0.0, 0.0, 0.0, 0.0, 0.0, 0.0, 0.0, 0.010416667, 0.0, 0.0, 0.0, 0.010416667, 0.0 ]
--Histogram size : 400
Predicting test image : who as who
(8.0,8)
(8.0,8)
(7.0,7)
(7.0,7)
(0.0,6)
(0.0,6)
(6.0,6)
(6.0,6)
(5.0,5)
(5.0,5)
(5.0,5)
(5.0,5)
(4.0,4)
(4.0,4)
(3.0,3)
(3.0,3)
(3.0,3)
(3.0,3)
(2.0,2)
(2.0,2)
(1.0,1)
(1.0,1)
(0.0,0)
(0.0,0)
0.9166666666666666
 |=================== Confusion matrix ==========================
2.0  0.0  0.0  0.0  0.0  0.0  0.0  0.0  0.0  
0.0  2.0  0.0  0.0  0.0  0.0  0.0  0.0  0.0  
0.0  0.0  2.0  0.0  0.0  0.0  0.0  0.0  0.0  
0.0  0.0  0.0  4.0  0.0  0.0  0.0  0.0  0.0  
0.0  0.0  0.0  0.0  2.0  0.0  0.0  0.0  0.0  
0.0  0.0  0.0  0.0  0.0  4.0  0.0  0.0  0.0  
2.0  0.0  0.0  0.0  0.0  0.0  2.0  0.0  0.0  
0.0  0.0  0.0  0.0  0.0  0.0  0.0  2.0  0.0  
0.0  0.0  0.0  0.0  0.0  0.0  0.0  0.0  2.0  
0.9166666666666666
